output_wf 1
vname A<[5:4]> A<[3:0]> B<[5:4]> B<[3:0]> F<[5:4]> F<[3:0]>
io i i i i o o
radix 2 4 2 4 2 4
tunit 1ns
period 10
chk_window 5 5 0
trise .001
tfall .001
vih 1.0
vil 0.0
voh 0.6
vol 0.4
0 0 0 0 0 0
0 0 0 1 0 1
0 0 0 2 0 2
0 0 0 3 0 3
0 0 0 4 0 4
0 0 0 5 0 5
0 0 0 6 0 6
0 0 0 7 0 7
0 0 0 8 0 8
0 0 0 9 0 9
0 0 0 a 0 a
0 0 0 b 0 b
0 0 0 c 0 c
0 0 0 d 0 d
0 0 0 e 0 e
0 0 0 f 0 f
0 0 1 0 1 0
0 0 1 1 1 1
0 0 1 2 1 2
0 0 1 3 1 3
0 0 1 4 1 4
0 0 1 5 1 5
0 0 1 6 1 6
0 0 1 7 1 7
0 0 1 8 1 8
0 0 1 9 1 9
0 0 1 a 1 a
0 0 1 b 1 b
0 0 1 c 1 c
0 0 1 d 1 d
0 0 1 e 1 e
0 0 1 f 1 f
0 0 2 0 2 0
0 0 2 1 2 1
0 0 2 2 2 2
0 0 2 3 2 3
0 0 2 4 2 4
0 0 2 5 2 5
0 0 2 6 2 6
0 0 2 7 2 7
0 0 2 8 2 8
0 0 2 9 2 9
0 0 2 a 2 a
0 0 2 b 2 b
0 0 2 c 2 c
0 0 2 d 2 d
0 0 2 e 2 e
0 0 2 f 2 f
0 0 3 0 3 0
0 0 3 1 3 1
0 0 3 2 3 2
0 0 3 3 3 3
0 0 3 4 3 4
0 0 3 5 3 5
0 0 3 6 3 6
0 0 3 7 3 7
0 0 3 8 3 8
0 0 3 9 3 9
0 0 3 a 3 a
0 0 3 b 3 b
0 0 3 c 3 c
0 0 3 d 3 d
0 0 3 e 3 e
0 0 3 f 3 f
0 1 0 0 0 1
0 1 0 1 0 2
0 1 0 2 0 3
0 1 0 3 0 4
0 1 0 4 0 5
0 1 0 5 0 6
0 1 0 6 0 7
0 1 0 7 0 8
0 1 0 8 0 9
0 1 0 9 0 a
0 1 0 a 0 b
0 1 0 b 0 c
0 1 0 c 0 d
0 1 0 d 0 e
0 1 0 e 0 f
0 1 0 f 1 0
0 1 1 0 1 1
0 1 1 1 1 2
0 1 1 2 1 3
0 1 1 3 1 4
0 1 1 4 1 5
0 1 1 5 1 6
0 1 1 6 1 7
0 1 1 7 1 8
0 1 1 8 1 9
0 1 1 9 1 a
0 1 1 a 1 b
0 1 1 b 1 c
0 1 1 c 1 d
0 1 1 d 1 e
0 1 1 e 1 f
0 1 1 f 2 0
0 1 2 0 2 1
0 1 2 1 2 2
0 1 2 2 2 3
0 1 2 3 2 4
0 1 2 4 2 5
0 1 2 5 2 6
0 1 2 6 2 7
0 1 2 7 2 8
0 1 2 8 2 9
0 1 2 9 2 a
0 1 2 a 2 b
0 1 2 b 2 c
0 1 2 c 2 d
0 1 2 d 2 e
0 1 2 e 2 f
0 1 2 f 3 0
0 1 3 0 3 1
0 1 3 1 3 2
0 1 3 2 3 3
0 1 3 3 3 4
0 1 3 4 3 5
0 1 3 5 3 6
0 1 3 6 3 7
0 1 3 7 3 8
0 1 3 8 3 9
0 1 3 9 3 a
0 1 3 a 3 b
0 1 3 b 3 c
0 1 3 c 3 d
0 1 3 d 3 e
0 1 3 e 3 f
0 1 3 f 0 0
0 2 0 0 0 2
0 2 0 1 0 3
0 2 0 2 0 4
0 2 0 3 0 5
0 2 0 4 0 6
0 2 0 5 0 7
0 2 0 6 0 8
0 2 0 7 0 9
0 2 0 8 0 a
0 2 0 9 0 b
0 2 0 a 0 c
0 2 0 b 0 d
0 2 0 c 0 e
0 2 0 d 0 f
0 2 0 e 1 0
0 2 0 f 1 1
0 2 1 0 1 2
0 2 1 1 1 3
0 2 1 2 1 4
0 2 1 3 1 5
0 2 1 4 1 6
0 2 1 5 1 7
0 2 1 6 1 8
0 2 1 7 1 9
0 2 1 8 1 a
0 2 1 9 1 b
0 2 1 a 1 c
0 2 1 b 1 d
0 2 1 c 1 e
0 2 1 d 1 f
0 2 1 e 2 0
0 2 1 f 2 1
0 2 2 0 2 2
0 2 2 1 2 3
0 2 2 2 2 4
0 2 2 3 2 5
0 2 2 4 2 6
0 2 2 5 2 7
0 2 2 6 2 8
0 2 2 7 2 9
0 2 2 8 2 a
0 2 2 9 2 b
0 2 2 a 2 c
0 2 2 b 2 d
0 2 2 c 2 e
0 2 2 d 2 f
0 2 2 e 3 0
0 2 2 f 3 1
0 2 3 0 3 2
0 2 3 1 3 3
0 2 3 2 3 4
0 2 3 3 3 5
0 2 3 4 3 6
0 2 3 5 3 7
0 2 3 6 3 8
0 2 3 7 3 9
0 2 3 8 3 a
0 2 3 9 3 b
0 2 3 a 3 c
0 2 3 b 3 d
0 2 3 c 3 e
0 2 3 d 3 f
0 2 3 e 0 0
0 2 3 f 0 1
0 3 0 0 0 3
0 3 0 1 0 4
0 3 0 2 0 5
0 3 0 3 0 6
0 3 0 4 0 7
0 3 0 5 0 8
0 3 0 6 0 9
0 3 0 7 0 a
0 3 0 8 0 b
0 3 0 9 0 c
0 3 0 a 0 d
0 3 0 b 0 e
0 3 0 c 0 f
0 3 0 d 1 0
0 3 0 e 1 1
0 3 0 f 1 2
0 3 1 0 1 3
0 3 1 1 1 4
0 3 1 2 1 5
0 3 1 3 1 6
0 3 1 4 1 7
0 3 1 5 1 8
0 3 1 6 1 9
0 3 1 7 1 a
0 3 1 8 1 b
0 3 1 9 1 c
0 3 1 a 1 d
0 3 1 b 1 e
0 3 1 c 1 f
0 3 1 d 2 0
0 3 1 e 2 1
0 3 1 f 2 2
0 3 2 0 2 3
0 3 2 1 2 4
0 3 2 2 2 5
0 3 2 3 2 6
0 3 2 4 2 7
0 3 2 5 2 8
0 3 2 6 2 9
0 3 2 7 2 a
0 3 2 8 2 b
0 3 2 9 2 c
0 3 2 a 2 d
0 3 2 b 2 e
0 3 2 c 2 f
0 3 2 d 3 0
0 3 2 e 3 1
0 3 2 f 3 2
0 3 3 0 3 3
0 3 3 1 3 4
0 3 3 2 3 5
0 3 3 3 3 6
0 3 3 4 3 7
0 3 3 5 3 8
0 3 3 6 3 9
0 3 3 7 3 a
0 3 3 8 3 b
0 3 3 9 3 c
0 3 3 a 3 d
0 3 3 b 3 e
0 3 3 c 3 f
0 3 3 d 0 0
0 3 3 e 0 1
0 3 3 f 0 2
0 4 0 0 0 4
0 4 0 1 0 5
0 4 0 2 0 6
0 4 0 3 0 7
0 4 0 4 0 8
0 4 0 5 0 9
0 4 0 6 0 a
0 4 0 7 0 b
0 4 0 8 0 c
0 4 0 9 0 d
0 4 0 a 0 e
0 4 0 b 0 f
0 4 0 c 1 0
0 4 0 d 1 1
0 4 0 e 1 2
0 4 0 f 1 3
0 4 1 0 1 4
0 4 1 1 1 5
0 4 1 2 1 6
0 4 1 3 1 7
0 4 1 4 1 8
0 4 1 5 1 9
0 4 1 6 1 a
0 4 1 7 1 b
0 4 1 8 1 c
0 4 1 9 1 d
0 4 1 a 1 e
0 4 1 b 1 f
0 4 1 c 2 0
0 4 1 d 2 1
0 4 1 e 2 2
0 4 1 f 2 3
0 4 2 0 2 4
0 4 2 1 2 5
0 4 2 2 2 6
0 4 2 3 2 7
0 4 2 4 2 8
0 4 2 5 2 9
0 4 2 6 2 a
0 4 2 7 2 b
0 4 2 8 2 c
0 4 2 9 2 d
0 4 2 a 2 e
0 4 2 b 2 f
0 4 2 c 3 0
0 4 2 d 3 1
0 4 2 e 3 2
0 4 2 f 3 3
0 4 3 0 3 4
0 4 3 1 3 5
0 4 3 2 3 6
0 4 3 3 3 7
0 4 3 4 3 8
0 4 3 5 3 9
0 4 3 6 3 a
0 4 3 7 3 b
0 4 3 8 3 c
0 4 3 9 3 d
0 4 3 a 3 e
0 4 3 b 3 f
0 4 3 c 0 0
0 4 3 d 0 1
0 4 3 e 0 2
0 4 3 f 0 3
0 5 0 0 0 5
0 5 0 1 0 6
0 5 0 2 0 7
0 5 0 3 0 8
0 5 0 4 0 9
0 5 0 5 0 a
0 5 0 6 0 b
0 5 0 7 0 c
0 5 0 8 0 d
0 5 0 9 0 e
0 5 0 a 0 f
0 5 0 b 1 0
0 5 0 c 1 1
0 5 0 d 1 2
0 5 0 e 1 3
0 5 0 f 1 4
0 5 1 0 1 5
0 5 1 1 1 6
0 5 1 2 1 7
0 5 1 3 1 8
0 5 1 4 1 9
0 5 1 5 1 a
0 5 1 6 1 b
0 5 1 7 1 c
0 5 1 8 1 d
0 5 1 9 1 e
0 5 1 a 1 f
0 5 1 b 2 0
0 5 1 c 2 1
0 5 1 d 2 2
0 5 1 e 2 3
0 5 1 f 2 4
0 5 2 0 2 5
0 5 2 1 2 6
0 5 2 2 2 7
0 5 2 3 2 8
0 5 2 4 2 9
0 5 2 5 2 a
0 5 2 6 2 b
0 5 2 7 2 c
0 5 2 8 2 d
0 5 2 9 2 e
0 5 2 a 2 f
0 5 2 b 3 0
0 5 2 c 3 1
0 5 2 d 3 2
0 5 2 e 3 3
0 5 2 f 3 4
0 5 3 0 3 5
0 5 3 1 3 6
0 5 3 2 3 7
0 5 3 3 3 8
0 5 3 4 3 9
0 5 3 5 3 a
0 5 3 6 3 b
0 5 3 7 3 c
0 5 3 8 3 d
0 5 3 9 3 e
0 5 3 a 3 f
0 5 3 b 0 0
0 5 3 c 0 1
0 5 3 d 0 2
0 5 3 e 0 3
0 5 3 f 0 4
0 6 0 0 0 6
0 6 0 1 0 7
0 6 0 2 0 8
0 6 0 3 0 9
0 6 0 4 0 a
0 6 0 5 0 b
0 6 0 6 0 c
0 6 0 7 0 d
0 6 0 8 0 e
0 6 0 9 0 f
0 6 0 a 1 0
0 6 0 b 1 1
0 6 0 c 1 2
0 6 0 d 1 3
0 6 0 e 1 4
0 6 0 f 1 5
0 6 1 0 1 6
0 6 1 1 1 7
0 6 1 2 1 8
0 6 1 3 1 9
0 6 1 4 1 a
0 6 1 5 1 b
0 6 1 6 1 c
0 6 1 7 1 d
0 6 1 8 1 e
0 6 1 9 1 f
0 6 1 a 2 0
0 6 1 b 2 1
0 6 1 c 2 2
0 6 1 d 2 3
0 6 1 e 2 4
0 6 1 f 2 5
0 6 2 0 2 6
0 6 2 1 2 7
0 6 2 2 2 8
0 6 2 3 2 9
0 6 2 4 2 a
0 6 2 5 2 b
0 6 2 6 2 c
0 6 2 7 2 d
0 6 2 8 2 e
0 6 2 9 2 f
0 6 2 a 3 0
0 6 2 b 3 1
0 6 2 c 3 2
0 6 2 d 3 3
0 6 2 e 3 4
0 6 2 f 3 5
0 6 3 0 3 6
0 6 3 1 3 7
0 6 3 2 3 8
0 6 3 3 3 9
0 6 3 4 3 a
0 6 3 5 3 b
0 6 3 6 3 c
0 6 3 7 3 d
0 6 3 8 3 e
0 6 3 9 3 f
0 6 3 a 0 0
0 6 3 b 0 1
0 6 3 c 0 2
0 6 3 d 0 3
0 6 3 e 0 4
0 6 3 f 0 5
0 7 0 0 0 7
0 7 0 1 0 8
0 7 0 2 0 9
0 7 0 3 0 a
0 7 0 4 0 b
0 7 0 5 0 c
0 7 0 6 0 d
0 7 0 7 0 e
0 7 0 8 0 f
0 7 0 9 1 0
0 7 0 a 1 1
0 7 0 b 1 2
0 7 0 c 1 3
0 7 0 d 1 4
0 7 0 e 1 5
0 7 0 f 1 6
0 7 1 0 1 7
0 7 1 1 1 8
0 7 1 2 1 9
0 7 1 3 1 a
0 7 1 4 1 b
0 7 1 5 1 c
0 7 1 6 1 d
0 7 1 7 1 e
0 7 1 8 1 f
0 7 1 9 2 0
0 7 1 a 2 1
0 7 1 b 2 2
0 7 1 c 2 3
0 7 1 d 2 4
0 7 1 e 2 5
0 7 1 f 2 6
0 7 2 0 2 7
0 7 2 1 2 8
0 7 2 2 2 9
0 7 2 3 2 a
0 7 2 4 2 b
0 7 2 5 2 c
0 7 2 6 2 d
0 7 2 7 2 e
0 7 2 8 2 f
0 7 2 9 3 0
0 7 2 a 3 1
0 7 2 b 3 2
0 7 2 c 3 3
0 7 2 d 3 4
0 7 2 e 3 5
0 7 2 f 3 6
0 7 3 0 3 7
0 7 3 1 3 8
0 7 3 2 3 9
0 7 3 3 3 a
0 7 3 4 3 b
0 7 3 5 3 c
0 7 3 6 3 d
0 7 3 7 3 e
0 7 3 8 3 f
0 7 3 9 0 0
0 7 3 a 0 1
0 7 3 b 0 2
0 7 3 c 0 3
0 7 3 d 0 4
0 7 3 e 0 5
0 7 3 f 0 6
0 8 0 0 0 8
0 8 0 1 0 9
0 8 0 2 0 a
0 8 0 3 0 b
0 8 0 4 0 c
0 8 0 5 0 d
0 8 0 6 0 e
0 8 0 7 0 f
0 8 0 8 1 0
0 8 0 9 1 1
0 8 0 a 1 2
0 8 0 b 1 3
0 8 0 c 1 4
0 8 0 d 1 5
0 8 0 e 1 6
0 8 0 f 1 7
0 8 1 0 1 8
0 8 1 1 1 9
0 8 1 2 1 a
0 8 1 3 1 b
0 8 1 4 1 c
0 8 1 5 1 d
0 8 1 6 1 e
0 8 1 7 1 f
0 8 1 8 2 0
0 8 1 9 2 1
0 8 1 a 2 2
0 8 1 b 2 3
0 8 1 c 2 4
0 8 1 d 2 5
0 8 1 e 2 6
0 8 1 f 2 7
0 8 2 0 2 8
0 8 2 1 2 9
0 8 2 2 2 a
0 8 2 3 2 b
0 8 2 4 2 c
0 8 2 5 2 d
0 8 2 6 2 e
0 8 2 7 2 f
0 8 2 8 3 0
0 8 2 9 3 1
0 8 2 a 3 2
0 8 2 b 3 3
0 8 2 c 3 4
0 8 2 d 3 5
0 8 2 e 3 6
0 8 2 f 3 7
0 8 3 0 3 8
0 8 3 1 3 9
0 8 3 2 3 a
0 8 3 3 3 b
0 8 3 4 3 c
0 8 3 5 3 d
0 8 3 6 3 e
0 8 3 7 3 f
0 8 3 8 0 0
0 8 3 9 0 1
0 8 3 a 0 2
0 8 3 b 0 3
0 8 3 c 0 4
0 8 3 d 0 5
0 8 3 e 0 6
0 8 3 f 0 7
0 9 0 0 0 9
0 9 0 1 0 a
0 9 0 2 0 b
0 9 0 3 0 c
0 9 0 4 0 d
0 9 0 5 0 e
0 9 0 6 0 f
0 9 0 7 1 0
0 9 0 8 1 1
0 9 0 9 1 2
0 9 0 a 1 3
0 9 0 b 1 4
0 9 0 c 1 5
0 9 0 d 1 6
0 9 0 e 1 7
0 9 0 f 1 8
0 9 1 0 1 9
0 9 1 1 1 a
0 9 1 2 1 b
0 9 1 3 1 c
0 9 1 4 1 d
0 9 1 5 1 e
0 9 1 6 1 f
0 9 1 7 2 0
0 9 1 8 2 1
0 9 1 9 2 2
0 9 1 a 2 3
0 9 1 b 2 4
0 9 1 c 2 5
0 9 1 d 2 6
0 9 1 e 2 7
0 9 1 f 2 8
0 9 2 0 2 9
0 9 2 1 2 a
0 9 2 2 2 b
0 9 2 3 2 c
0 9 2 4 2 d
0 9 2 5 2 e
0 9 2 6 2 f
0 9 2 7 3 0
0 9 2 8 3 1
0 9 2 9 3 2
0 9 2 a 3 3
0 9 2 b 3 4
0 9 2 c 3 5
0 9 2 d 3 6
0 9 2 e 3 7
0 9 2 f 3 8
0 9 3 0 3 9
0 9 3 1 3 a
0 9 3 2 3 b
0 9 3 3 3 c
0 9 3 4 3 d
0 9 3 5 3 e
0 9 3 6 3 f
0 9 3 7 0 0
0 9 3 8 0 1
0 9 3 9 0 2
0 9 3 a 0 3
0 9 3 b 0 4
0 9 3 c 0 5
0 9 3 d 0 6
0 9 3 e 0 7
0 9 3 f 0 8
0 a 0 0 0 a
0 a 0 1 0 b
0 a 0 2 0 c
0 a 0 3 0 d
0 a 0 4 0 e
0 a 0 5 0 f
0 a 0 6 1 0
0 a 0 7 1 1
0 a 0 8 1 2
0 a 0 9 1 3
0 a 0 a 1 4
0 a 0 b 1 5
0 a 0 c 1 6
0 a 0 d 1 7
0 a 0 e 1 8
0 a 0 f 1 9
0 a 1 0 1 a
0 a 1 1 1 b
0 a 1 2 1 c
0 a 1 3 1 d
0 a 1 4 1 e
0 a 1 5 1 f
0 a 1 6 2 0
0 a 1 7 2 1
0 a 1 8 2 2
0 a 1 9 2 3
0 a 1 a 2 4
0 a 1 b 2 5
0 a 1 c 2 6
0 a 1 d 2 7
0 a 1 e 2 8
0 a 1 f 2 9
0 a 2 0 2 a
0 a 2 1 2 b
0 a 2 2 2 c
0 a 2 3 2 d
0 a 2 4 2 e
0 a 2 5 2 f
0 a 2 6 3 0
0 a 2 7 3 1
0 a 2 8 3 2
0 a 2 9 3 3
0 a 2 a 3 4
0 a 2 b 3 5
0 a 2 c 3 6
0 a 2 d 3 7
0 a 2 e 3 8
0 a 2 f 3 9
0 a 3 0 3 a
0 a 3 1 3 b
0 a 3 2 3 c
0 a 3 3 3 d
0 a 3 4 3 e
0 a 3 5 3 f
0 a 3 6 0 0
0 a 3 7 0 1
0 a 3 8 0 2
0 a 3 9 0 3
0 a 3 a 0 4
0 a 3 b 0 5
0 a 3 c 0 6
0 a 3 d 0 7
0 a 3 e 0 8
0 a 3 f 0 9
0 b 0 0 0 b
0 b 0 1 0 c
0 b 0 2 0 d
0 b 0 3 0 e
0 b 0 4 0 f
0 b 0 5 1 0
0 b 0 6 1 1
0 b 0 7 1 2
0 b 0 8 1 3
0 b 0 9 1 4
0 b 0 a 1 5
0 b 0 b 1 6
0 b 0 c 1 7
0 b 0 d 1 8
0 b 0 e 1 9
0 b 0 f 1 a
0 b 1 0 1 b
0 b 1 1 1 c
0 b 1 2 1 d
0 b 1 3 1 e
0 b 1 4 1 f
0 b 1 5 2 0
0 b 1 6 2 1
0 b 1 7 2 2
0 b 1 8 2 3
0 b 1 9 2 4
0 b 1 a 2 5
0 b 1 b 2 6
0 b 1 c 2 7
0 b 1 d 2 8
0 b 1 e 2 9
0 b 1 f 2 a
0 b 2 0 2 b
0 b 2 1 2 c
0 b 2 2 2 d
0 b 2 3 2 e
0 b 2 4 2 f
0 b 2 5 3 0
0 b 2 6 3 1
0 b 2 7 3 2
0 b 2 8 3 3
0 b 2 9 3 4
0 b 2 a 3 5
0 b 2 b 3 6
0 b 2 c 3 7
0 b 2 d 3 8
0 b 2 e 3 9
0 b 2 f 3 a
0 b 3 0 3 b
0 b 3 1 3 c
0 b 3 2 3 d
0 b 3 3 3 e
0 b 3 4 3 f
0 b 3 5 0 0
0 b 3 6 0 1
0 b 3 7 0 2
0 b 3 8 0 3
0 b 3 9 0 4
0 b 3 a 0 5
0 b 3 b 0 6
0 b 3 c 0 7
0 b 3 d 0 8
0 b 3 e 0 9
0 b 3 f 0 a
0 c 0 0 0 c
0 c 0 1 0 d
0 c 0 2 0 e
0 c 0 3 0 f
0 c 0 4 1 0
0 c 0 5 1 1
0 c 0 6 1 2
0 c 0 7 1 3
0 c 0 8 1 4
0 c 0 9 1 5
0 c 0 a 1 6
0 c 0 b 1 7
0 c 0 c 1 8
0 c 0 d 1 9
0 c 0 e 1 a
0 c 0 f 1 b
0 c 1 0 1 c
0 c 1 1 1 d
0 c 1 2 1 e
0 c 1 3 1 f
0 c 1 4 2 0
0 c 1 5 2 1
0 c 1 6 2 2
0 c 1 7 2 3
0 c 1 8 2 4
0 c 1 9 2 5
0 c 1 a 2 6
0 c 1 b 2 7
0 c 1 c 2 8
0 c 1 d 2 9
0 c 1 e 2 a
0 c 1 f 2 b
0 c 2 0 2 c
0 c 2 1 2 d
0 c 2 2 2 e
0 c 2 3 2 f
0 c 2 4 3 0
0 c 2 5 3 1
0 c 2 6 3 2
0 c 2 7 3 3
0 c 2 8 3 4
0 c 2 9 3 5
0 c 2 a 3 6
0 c 2 b 3 7
0 c 2 c 3 8
0 c 2 d 3 9
0 c 2 e 3 a
0 c 2 f 3 b
0 c 3 0 3 c
0 c 3 1 3 d
0 c 3 2 3 e
0 c 3 3 3 f
0 c 3 4 0 0
0 c 3 5 0 1
0 c 3 6 0 2
0 c 3 7 0 3
0 c 3 8 0 4
0 c 3 9 0 5
0 c 3 a 0 6
0 c 3 b 0 7
0 c 3 c 0 8
0 c 3 d 0 9
0 c 3 e 0 a
0 c 3 f 0 b
0 d 0 0 0 d
0 d 0 1 0 e
0 d 0 2 0 f
0 d 0 3 1 0
0 d 0 4 1 1
0 d 0 5 1 2
0 d 0 6 1 3
0 d 0 7 1 4
0 d 0 8 1 5
0 d 0 9 1 6
0 d 0 a 1 7
0 d 0 b 1 8
0 d 0 c 1 9
0 d 0 d 1 a
0 d 0 e 1 b
0 d 0 f 1 c
0 d 1 0 1 d
0 d 1 1 1 e
0 d 1 2 1 f
0 d 1 3 2 0
0 d 1 4 2 1
0 d 1 5 2 2
0 d 1 6 2 3
0 d 1 7 2 4
0 d 1 8 2 5
0 d 1 9 2 6
0 d 1 a 2 7
0 d 1 b 2 8
0 d 1 c 2 9
0 d 1 d 2 a
0 d 1 e 2 b
0 d 1 f 2 c
0 d 2 0 2 d
0 d 2 1 2 e
0 d 2 2 2 f
0 d 2 3 3 0
0 d 2 4 3 1
0 d 2 5 3 2
0 d 2 6 3 3
0 d 2 7 3 4
0 d 2 8 3 5
0 d 2 9 3 6
0 d 2 a 3 7
0 d 2 b 3 8
0 d 2 c 3 9
0 d 2 d 3 a
0 d 2 e 3 b
0 d 2 f 3 c
0 d 3 0 3 d
0 d 3 1 3 e
0 d 3 2 3 f
0 d 3 3 0 0
0 d 3 4 0 1
0 d 3 5 0 2
0 d 3 6 0 3
0 d 3 7 0 4
0 d 3 8 0 5
0 d 3 9 0 6
0 d 3 a 0 7
0 d 3 b 0 8
0 d 3 c 0 9
0 d 3 d 0 a
0 d 3 e 0 b
0 d 3 f 0 c
0 e 0 0 0 e
0 e 0 1 0 f
0 e 0 2 1 0
0 e 0 3 1 1
0 e 0 4 1 2
0 e 0 5 1 3
0 e 0 6 1 4
0 e 0 7 1 5
0 e 0 8 1 6
0 e 0 9 1 7
0 e 0 a 1 8
0 e 0 b 1 9
0 e 0 c 1 a
0 e 0 d 1 b
0 e 0 e 1 c
0 e 0 f 1 d
0 e 1 0 1 e
0 e 1 1 1 f
0 e 1 2 2 0
0 e 1 3 2 1
0 e 1 4 2 2
0 e 1 5 2 3
0 e 1 6 2 4
0 e 1 7 2 5
0 e 1 8 2 6
0 e 1 9 2 7
0 e 1 a 2 8
0 e 1 b 2 9
0 e 1 c 2 a
0 e 1 d 2 b
0 e 1 e 2 c
0 e 1 f 2 d
0 e 2 0 2 e
0 e 2 1 2 f
0 e 2 2 3 0
0 e 2 3 3 1
0 e 2 4 3 2
0 e 2 5 3 3
0 e 2 6 3 4
0 e 2 7 3 5
0 e 2 8 3 6
0 e 2 9 3 7
0 e 2 a 3 8
0 e 2 b 3 9
0 e 2 c 3 a
0 e 2 d 3 b
0 e 2 e 3 c
0 e 2 f 3 d
0 e 3 0 3 e
0 e 3 1 3 f
0 e 3 2 0 0
0 e 3 3 0 1
0 e 3 4 0 2
0 e 3 5 0 3
0 e 3 6 0 4
0 e 3 7 0 5
0 e 3 8 0 6
0 e 3 9 0 7
0 e 3 a 0 8
0 e 3 b 0 9
0 e 3 c 0 a
0 e 3 d 0 b
0 e 3 e 0 c
0 e 3 f 0 d
0 f 0 0 0 f
0 f 0 1 1 0
0 f 0 2 1 1
0 f 0 3 1 2
0 f 0 4 1 3
0 f 0 5 1 4
0 f 0 6 1 5
0 f 0 7 1 6
0 f 0 8 1 7
0 f 0 9 1 8
0 f 0 a 1 9
0 f 0 b 1 a
0 f 0 c 1 b
0 f 0 d 1 c
0 f 0 e 1 d
0 f 0 f 1 e
0 f 1 0 1 f
0 f 1 1 2 0
0 f 1 2 2 1
0 f 1 3 2 2
0 f 1 4 2 3
0 f 1 5 2 4
0 f 1 6 2 5
0 f 1 7 2 6
0 f 1 8 2 7
0 f 1 9 2 8
0 f 1 a 2 9
0 f 1 b 2 a
0 f 1 c 2 b
0 f 1 d 2 c
0 f 1 e 2 d
0 f 1 f 2 e
0 f 2 0 2 f
0 f 2 1 3 0
0 f 2 2 3 1
0 f 2 3 3 2
0 f 2 4 3 3
0 f 2 5 3 4
0 f 2 6 3 5
0 f 2 7 3 6
0 f 2 8 3 7
0 f 2 9 3 8
0 f 2 a 3 9
0 f 2 b 3 a
0 f 2 c 3 b
0 f 2 d 3 c
0 f 2 e 3 d
0 f 2 f 3 e
0 f 3 0 3 f
0 f 3 1 0 0
0 f 3 2 0 1
0 f 3 3 0 2
0 f 3 4 0 3
0 f 3 5 0 4
0 f 3 6 0 5
0 f 3 7 0 6
0 f 3 8 0 7
0 f 3 9 0 8
0 f 3 a 0 9
0 f 3 b 0 a
0 f 3 c 0 b
0 f 3 d 0 c
0 f 3 e 0 d
0 f 3 f 0 e
1 0 0 0 1 0
1 0 0 1 1 1
1 0 0 2 1 2
1 0 0 3 1 3
1 0 0 4 1 4
1 0 0 5 1 5
1 0 0 6 1 6
1 0 0 7 1 7
1 0 0 8 1 8
1 0 0 9 1 9
1 0 0 a 1 a
1 0 0 b 1 b
1 0 0 c 1 c
1 0 0 d 1 d
1 0 0 e 1 e
1 0 0 f 1 f
1 0 1 0 2 0
1 0 1 1 2 1
1 0 1 2 2 2
1 0 1 3 2 3
1 0 1 4 2 4
1 0 1 5 2 5
1 0 1 6 2 6
1 0 1 7 2 7
1 0 1 8 2 8
1 0 1 9 2 9
1 0 1 a 2 a
1 0 1 b 2 b
1 0 1 c 2 c
1 0 1 d 2 d
1 0 1 e 2 e
1 0 1 f 2 f
1 0 2 0 3 0
1 0 2 1 3 1
1 0 2 2 3 2
1 0 2 3 3 3
1 0 2 4 3 4
1 0 2 5 3 5
1 0 2 6 3 6
1 0 2 7 3 7
1 0 2 8 3 8
1 0 2 9 3 9
1 0 2 a 3 a
1 0 2 b 3 b
1 0 2 c 3 c
1 0 2 d 3 d
1 0 2 e 3 e
1 0 2 f 3 f
1 0 3 0 0 0
1 0 3 1 0 1
1 0 3 2 0 2
1 0 3 3 0 3
1 0 3 4 0 4
1 0 3 5 0 5
1 0 3 6 0 6
1 0 3 7 0 7
1 0 3 8 0 8
1 0 3 9 0 9
1 0 3 a 0 a
1 0 3 b 0 b
1 0 3 c 0 c
1 0 3 d 0 d
1 0 3 e 0 e
1 0 3 f 0 f
1 1 0 0 1 1
1 1 0 1 1 2
1 1 0 2 1 3
1 1 0 3 1 4
1 1 0 4 1 5
1 1 0 5 1 6
1 1 0 6 1 7
1 1 0 7 1 8
1 1 0 8 1 9
1 1 0 9 1 a
1 1 0 a 1 b
1 1 0 b 1 c
1 1 0 c 1 d
1 1 0 d 1 e
1 1 0 e 1 f
1 1 0 f 2 0
1 1 1 0 2 1
1 1 1 1 2 2
1 1 1 2 2 3
1 1 1 3 2 4
1 1 1 4 2 5
1 1 1 5 2 6
1 1 1 6 2 7
1 1 1 7 2 8
1 1 1 8 2 9
1 1 1 9 2 a
1 1 1 a 2 b
1 1 1 b 2 c
1 1 1 c 2 d
1 1 1 d 2 e
1 1 1 e 2 f
1 1 1 f 3 0
1 1 2 0 3 1
1 1 2 1 3 2
1 1 2 2 3 3
1 1 2 3 3 4
1 1 2 4 3 5
1 1 2 5 3 6
1 1 2 6 3 7
1 1 2 7 3 8
1 1 2 8 3 9
1 1 2 9 3 a
1 1 2 a 3 b
1 1 2 b 3 c
1 1 2 c 3 d
1 1 2 d 3 e
1 1 2 e 3 f
1 1 2 f 0 0
1 1 3 0 0 1
1 1 3 1 0 2
1 1 3 2 0 3
1 1 3 3 0 4
1 1 3 4 0 5
1 1 3 5 0 6
1 1 3 6 0 7
1 1 3 7 0 8
1 1 3 8 0 9
1 1 3 9 0 a
1 1 3 a 0 b
1 1 3 b 0 c
1 1 3 c 0 d
1 1 3 d 0 e
1 1 3 e 0 f
1 1 3 f 1 0
1 2 0 0 1 2
1 2 0 1 1 3
1 2 0 2 1 4
1 2 0 3 1 5
1 2 0 4 1 6
1 2 0 5 1 7
1 2 0 6 1 8
1 2 0 7 1 9
1 2 0 8 1 a
1 2 0 9 1 b
1 2 0 a 1 c
1 2 0 b 1 d
1 2 0 c 1 e
1 2 0 d 1 f
1 2 0 e 2 0
1 2 0 f 2 1
1 2 1 0 2 2
1 2 1 1 2 3
1 2 1 2 2 4
1 2 1 3 2 5
1 2 1 4 2 6
1 2 1 5 2 7
1 2 1 6 2 8
1 2 1 7 2 9
1 2 1 8 2 a
1 2 1 9 2 b
1 2 1 a 2 c
1 2 1 b 2 d
1 2 1 c 2 e
1 2 1 d 2 f
1 2 1 e 3 0
1 2 1 f 3 1
1 2 2 0 3 2
1 2 2 1 3 3
1 2 2 2 3 4
1 2 2 3 3 5
1 2 2 4 3 6
1 2 2 5 3 7
1 2 2 6 3 8
1 2 2 7 3 9
1 2 2 8 3 a
1 2 2 9 3 b
1 2 2 a 3 c
1 2 2 b 3 d
1 2 2 c 3 e
1 2 2 d 3 f
1 2 2 e 0 0
1 2 2 f 0 1
1 2 3 0 0 2
1 2 3 1 0 3
1 2 3 2 0 4
1 2 3 3 0 5
1 2 3 4 0 6
1 2 3 5 0 7
1 2 3 6 0 8
1 2 3 7 0 9
1 2 3 8 0 a
1 2 3 9 0 b
1 2 3 a 0 c
1 2 3 b 0 d
1 2 3 c 0 e
1 2 3 d 0 f
1 2 3 e 1 0
1 2 3 f 1 1
1 3 0 0 1 3
1 3 0 1 1 4
1 3 0 2 1 5
1 3 0 3 1 6
1 3 0 4 1 7
1 3 0 5 1 8
1 3 0 6 1 9
1 3 0 7 1 a
1 3 0 8 1 b
1 3 0 9 1 c
1 3 0 a 1 d
1 3 0 b 1 e
1 3 0 c 1 f
1 3 0 d 2 0
1 3 0 e 2 1
1 3 0 f 2 2
1 3 1 0 2 3
1 3 1 1 2 4
1 3 1 2 2 5
1 3 1 3 2 6
1 3 1 4 2 7
1 3 1 5 2 8
1 3 1 6 2 9
1 3 1 7 2 a
1 3 1 8 2 b
1 3 1 9 2 c
1 3 1 a 2 d
1 3 1 b 2 e
1 3 1 c 2 f
1 3 1 d 3 0
1 3 1 e 3 1
1 3 1 f 3 2
1 3 2 0 3 3
1 3 2 1 3 4
1 3 2 2 3 5
1 3 2 3 3 6
1 3 2 4 3 7
1 3 2 5 3 8
1 3 2 6 3 9
1 3 2 7 3 a
1 3 2 8 3 b
1 3 2 9 3 c
1 3 2 a 3 d
1 3 2 b 3 e
1 3 2 c 3 f
1 3 2 d 0 0
1 3 2 e 0 1
1 3 2 f 0 2
1 3 3 0 0 3
1 3 3 1 0 4
1 3 3 2 0 5
1 3 3 3 0 6
1 3 3 4 0 7
1 3 3 5 0 8
1 3 3 6 0 9
1 3 3 7 0 a
1 3 3 8 0 b
1 3 3 9 0 c
1 3 3 a 0 d
1 3 3 b 0 e
1 3 3 c 0 f
1 3 3 d 1 0
1 3 3 e 1 1
1 3 3 f 1 2
1 4 0 0 1 4
1 4 0 1 1 5
1 4 0 2 1 6
1 4 0 3 1 7
1 4 0 4 1 8
1 4 0 5 1 9
1 4 0 6 1 a
1 4 0 7 1 b
1 4 0 8 1 c
1 4 0 9 1 d
1 4 0 a 1 e
1 4 0 b 1 f
1 4 0 c 2 0
1 4 0 d 2 1
1 4 0 e 2 2
1 4 0 f 2 3
1 4 1 0 2 4
1 4 1 1 2 5
1 4 1 2 2 6
1 4 1 3 2 7
1 4 1 4 2 8
1 4 1 5 2 9
1 4 1 6 2 a
1 4 1 7 2 b
1 4 1 8 2 c
1 4 1 9 2 d
1 4 1 a 2 e
1 4 1 b 2 f
1 4 1 c 3 0
1 4 1 d 3 1
1 4 1 e 3 2
1 4 1 f 3 3
1 4 2 0 3 4
1 4 2 1 3 5
1 4 2 2 3 6
1 4 2 3 3 7
1 4 2 4 3 8
1 4 2 5 3 9
1 4 2 6 3 a
1 4 2 7 3 b
1 4 2 8 3 c
1 4 2 9 3 d
1 4 2 a 3 e
1 4 2 b 3 f
1 4 2 c 0 0
1 4 2 d 0 1
1 4 2 e 0 2
1 4 2 f 0 3
1 4 3 0 0 4
1 4 3 1 0 5
1 4 3 2 0 6
1 4 3 3 0 7
1 4 3 4 0 8
1 4 3 5 0 9
1 4 3 6 0 a
1 4 3 7 0 b
1 4 3 8 0 c
1 4 3 9 0 d
1 4 3 a 0 e
1 4 3 b 0 f
1 4 3 c 1 0
1 4 3 d 1 1
1 4 3 e 1 2
1 4 3 f 1 3
1 5 0 0 1 5
1 5 0 1 1 6
1 5 0 2 1 7
1 5 0 3 1 8
1 5 0 4 1 9
1 5 0 5 1 a
1 5 0 6 1 b
1 5 0 7 1 c
1 5 0 8 1 d
1 5 0 9 1 e
1 5 0 a 1 f
1 5 0 b 2 0
1 5 0 c 2 1
1 5 0 d 2 2
1 5 0 e 2 3
1 5 0 f 2 4
1 5 1 0 2 5
1 5 1 1 2 6
1 5 1 2 2 7
1 5 1 3 2 8
1 5 1 4 2 9
1 5 1 5 2 a
1 5 1 6 2 b
1 5 1 7 2 c
1 5 1 8 2 d
1 5 1 9 2 e
1 5 1 a 2 f
1 5 1 b 3 0
1 5 1 c 3 1
1 5 1 d 3 2
1 5 1 e 3 3
1 5 1 f 3 4
1 5 2 0 3 5
1 5 2 1 3 6
1 5 2 2 3 7
1 5 2 3 3 8
1 5 2 4 3 9
1 5 2 5 3 a
1 5 2 6 3 b
1 5 2 7 3 c
1 5 2 8 3 d
1 5 2 9 3 e
1 5 2 a 3 f
1 5 2 b 0 0
1 5 2 c 0 1
1 5 2 d 0 2
1 5 2 e 0 3
1 5 2 f 0 4
1 5 3 0 0 5
1 5 3 1 0 6
1 5 3 2 0 7
1 5 3 3 0 8
1 5 3 4 0 9
1 5 3 5 0 a
1 5 3 6 0 b
1 5 3 7 0 c
1 5 3 8 0 d
1 5 3 9 0 e
1 5 3 a 0 f
1 5 3 b 1 0
1 5 3 c 1 1
1 5 3 d 1 2
1 5 3 e 1 3
1 5 3 f 1 4
1 6 0 0 1 6
1 6 0 1 1 7
1 6 0 2 1 8
1 6 0 3 1 9
1 6 0 4 1 a
1 6 0 5 1 b
1 6 0 6 1 c
1 6 0 7 1 d
1 6 0 8 1 e
1 6 0 9 1 f
1 6 0 a 2 0
1 6 0 b 2 1
1 6 0 c 2 2
1 6 0 d 2 3
1 6 0 e 2 4
1 6 0 f 2 5
1 6 1 0 2 6
1 6 1 1 2 7
1 6 1 2 2 8
1 6 1 3 2 9
1 6 1 4 2 a
1 6 1 5 2 b
1 6 1 6 2 c
1 6 1 7 2 d
1 6 1 8 2 e
1 6 1 9 2 f
1 6 1 a 3 0
1 6 1 b 3 1
1 6 1 c 3 2
1 6 1 d 3 3
1 6 1 e 3 4
1 6 1 f 3 5
1 6 2 0 3 6
1 6 2 1 3 7
1 6 2 2 3 8
1 6 2 3 3 9
1 6 2 4 3 a
1 6 2 5 3 b
1 6 2 6 3 c
1 6 2 7 3 d
1 6 2 8 3 e
1 6 2 9 3 f
1 6 2 a 0 0
1 6 2 b 0 1
1 6 2 c 0 2
1 6 2 d 0 3
1 6 2 e 0 4
1 6 2 f 0 5
1 6 3 0 0 6
1 6 3 1 0 7
1 6 3 2 0 8
1 6 3 3 0 9
1 6 3 4 0 a
1 6 3 5 0 b
1 6 3 6 0 c
1 6 3 7 0 d
1 6 3 8 0 e
1 6 3 9 0 f
1 6 3 a 1 0
1 6 3 b 1 1
1 6 3 c 1 2
1 6 3 d 1 3
1 6 3 e 1 4
1 6 3 f 1 5
1 7 0 0 1 7
1 7 0 1 1 8
1 7 0 2 1 9
1 7 0 3 1 a
1 7 0 4 1 b
1 7 0 5 1 c
1 7 0 6 1 d
1 7 0 7 1 e
1 7 0 8 1 f
1 7 0 9 2 0
1 7 0 a 2 1
1 7 0 b 2 2
1 7 0 c 2 3
1 7 0 d 2 4
1 7 0 e 2 5
1 7 0 f 2 6
1 7 1 0 2 7
1 7 1 1 2 8
1 7 1 2 2 9
1 7 1 3 2 a
1 7 1 4 2 b
1 7 1 5 2 c
1 7 1 6 2 d
1 7 1 7 2 e
1 7 1 8 2 f
1 7 1 9 3 0
1 7 1 a 3 1
1 7 1 b 3 2
1 7 1 c 3 3
1 7 1 d 3 4
1 7 1 e 3 5
1 7 1 f 3 6
1 7 2 0 3 7
1 7 2 1 3 8
1 7 2 2 3 9
1 7 2 3 3 a
1 7 2 4 3 b
1 7 2 5 3 c
1 7 2 6 3 d
1 7 2 7 3 e
1 7 2 8 3 f
1 7 2 9 0 0
1 7 2 a 0 1
1 7 2 b 0 2
1 7 2 c 0 3
1 7 2 d 0 4
1 7 2 e 0 5
1 7 2 f 0 6
1 7 3 0 0 7
1 7 3 1 0 8
1 7 3 2 0 9
1 7 3 3 0 a
1 7 3 4 0 b
1 7 3 5 0 c
1 7 3 6 0 d
1 7 3 7 0 e
1 7 3 8 0 f
1 7 3 9 1 0
1 7 3 a 1 1
1 7 3 b 1 2
1 7 3 c 1 3
1 7 3 d 1 4
1 7 3 e 1 5
1 7 3 f 1 6
1 8 0 0 1 8
1 8 0 1 1 9
1 8 0 2 1 a
1 8 0 3 1 b
1 8 0 4 1 c
1 8 0 5 1 d
1 8 0 6 1 e
1 8 0 7 1 f
1 8 0 8 2 0
1 8 0 9 2 1
1 8 0 a 2 2
1 8 0 b 2 3
1 8 0 c 2 4
1 8 0 d 2 5
1 8 0 e 2 6
1 8 0 f 2 7
1 8 1 0 2 8
1 8 1 1 2 9
1 8 1 2 2 a
1 8 1 3 2 b
1 8 1 4 2 c
1 8 1 5 2 d
1 8 1 6 2 e
1 8 1 7 2 f
1 8 1 8 3 0
1 8 1 9 3 1
1 8 1 a 3 2
1 8 1 b 3 3
1 8 1 c 3 4
1 8 1 d 3 5
1 8 1 e 3 6
1 8 1 f 3 7
1 8 2 0 3 8
1 8 2 1 3 9
1 8 2 2 3 a
1 8 2 3 3 b
1 8 2 4 3 c
1 8 2 5 3 d
1 8 2 6 3 e
1 8 2 7 3 f
1 8 2 8 0 0
1 8 2 9 0 1
1 8 2 a 0 2
1 8 2 b 0 3
1 8 2 c 0 4
1 8 2 d 0 5
1 8 2 e 0 6
1 8 2 f 0 7
1 8 3 0 0 8
1 8 3 1 0 9
1 8 3 2 0 a
1 8 3 3 0 b
1 8 3 4 0 c
1 8 3 5 0 d
1 8 3 6 0 e
1 8 3 7 0 f
1 8 3 8 1 0
1 8 3 9 1 1
1 8 3 a 1 2
1 8 3 b 1 3
1 8 3 c 1 4
1 8 3 d 1 5
1 8 3 e 1 6
1 8 3 f 1 7
1 9 0 0 1 9
1 9 0 1 1 a
1 9 0 2 1 b
1 9 0 3 1 c
1 9 0 4 1 d
1 9 0 5 1 e
1 9 0 6 1 f
1 9 0 7 2 0
1 9 0 8 2 1
1 9 0 9 2 2
1 9 0 a 2 3
1 9 0 b 2 4
1 9 0 c 2 5
1 9 0 d 2 6
1 9 0 e 2 7
1 9 0 f 2 8
1 9 1 0 2 9
1 9 1 1 2 a
1 9 1 2 2 b
1 9 1 3 2 c
1 9 1 4 2 d
1 9 1 5 2 e
1 9 1 6 2 f
1 9 1 7 3 0
1 9 1 8 3 1
1 9 1 9 3 2
1 9 1 a 3 3
1 9 1 b 3 4
1 9 1 c 3 5
1 9 1 d 3 6
1 9 1 e 3 7
1 9 1 f 3 8
1 9 2 0 3 9
1 9 2 1 3 a
1 9 2 2 3 b
1 9 2 3 3 c
1 9 2 4 3 d
1 9 2 5 3 e
1 9 2 6 3 f
1 9 2 7 0 0
1 9 2 8 0 1
1 9 2 9 0 2
1 9 2 a 0 3
1 9 2 b 0 4
1 9 2 c 0 5
1 9 2 d 0 6
1 9 2 e 0 7
1 9 2 f 0 8
1 9 3 0 0 9
1 9 3 1 0 a
1 9 3 2 0 b
1 9 3 3 0 c
1 9 3 4 0 d
1 9 3 5 0 e
1 9 3 6 0 f
1 9 3 7 1 0
1 9 3 8 1 1
1 9 3 9 1 2
1 9 3 a 1 3
1 9 3 b 1 4
1 9 3 c 1 5
1 9 3 d 1 6
1 9 3 e 1 7
1 9 3 f 1 8
1 a 0 0 1 a
1 a 0 1 1 b
1 a 0 2 1 c
1 a 0 3 1 d
1 a 0 4 1 e
1 a 0 5 1 f
1 a 0 6 2 0
1 a 0 7 2 1
1 a 0 8 2 2
1 a 0 9 2 3
1 a 0 a 2 4
1 a 0 b 2 5
1 a 0 c 2 6
1 a 0 d 2 7
1 a 0 e 2 8
1 a 0 f 2 9
1 a 1 0 2 a
1 a 1 1 2 b
1 a 1 2 2 c
1 a 1 3 2 d
1 a 1 4 2 e
1 a 1 5 2 f
1 a 1 6 3 0
1 a 1 7 3 1
1 a 1 8 3 2
1 a 1 9 3 3
1 a 1 a 3 4
1 a 1 b 3 5
1 a 1 c 3 6
1 a 1 d 3 7
1 a 1 e 3 8
1 a 1 f 3 9
1 a 2 0 3 a
1 a 2 1 3 b
1 a 2 2 3 c
1 a 2 3 3 d
1 a 2 4 3 e
1 a 2 5 3 f
1 a 2 6 0 0
1 a 2 7 0 1
1 a 2 8 0 2
1 a 2 9 0 3
1 a 2 a 0 4
1 a 2 b 0 5
1 a 2 c 0 6
1 a 2 d 0 7
1 a 2 e 0 8
1 a 2 f 0 9
1 a 3 0 0 a
1 a 3 1 0 b
1 a 3 2 0 c
1 a 3 3 0 d
1 a 3 4 0 e
1 a 3 5 0 f
1 a 3 6 1 0
1 a 3 7 1 1
1 a 3 8 1 2
1 a 3 9 1 3
1 a 3 a 1 4
1 a 3 b 1 5
1 a 3 c 1 6
1 a 3 d 1 7
1 a 3 e 1 8
1 a 3 f 1 9
1 b 0 0 1 b
1 b 0 1 1 c
1 b 0 2 1 d
1 b 0 3 1 e
1 b 0 4 1 f
1 b 0 5 2 0
1 b 0 6 2 1
1 b 0 7 2 2
1 b 0 8 2 3
1 b 0 9 2 4
1 b 0 a 2 5
1 b 0 b 2 6
1 b 0 c 2 7
1 b 0 d 2 8
1 b 0 e 2 9
1 b 0 f 2 a
1 b 1 0 2 b
1 b 1 1 2 c
1 b 1 2 2 d
1 b 1 3 2 e
1 b 1 4 2 f
1 b 1 5 3 0
1 b 1 6 3 1
1 b 1 7 3 2
1 b 1 8 3 3
1 b 1 9 3 4
1 b 1 a 3 5
1 b 1 b 3 6
1 b 1 c 3 7
1 b 1 d 3 8
1 b 1 e 3 9
1 b 1 f 3 a
1 b 2 0 3 b
1 b 2 1 3 c
1 b 2 2 3 d
1 b 2 3 3 e
1 b 2 4 3 f
1 b 2 5 0 0
1 b 2 6 0 1
1 b 2 7 0 2
1 b 2 8 0 3
1 b 2 9 0 4
1 b 2 a 0 5
1 b 2 b 0 6
1 b 2 c 0 7
1 b 2 d 0 8
1 b 2 e 0 9
1 b 2 f 0 a
1 b 3 0 0 b
1 b 3 1 0 c
1 b 3 2 0 d
1 b 3 3 0 e
1 b 3 4 0 f
1 b 3 5 1 0
1 b 3 6 1 1
1 b 3 7 1 2
1 b 3 8 1 3
1 b 3 9 1 4
1 b 3 a 1 5
1 b 3 b 1 6
1 b 3 c 1 7
1 b 3 d 1 8
1 b 3 e 1 9
1 b 3 f 1 a
1 c 0 0 1 c
1 c 0 1 1 d
1 c 0 2 1 e
1 c 0 3 1 f
1 c 0 4 2 0
1 c 0 5 2 1
1 c 0 6 2 2
1 c 0 7 2 3
1 c 0 8 2 4
1 c 0 9 2 5
1 c 0 a 2 6
1 c 0 b 2 7
1 c 0 c 2 8
1 c 0 d 2 9
1 c 0 e 2 a
1 c 0 f 2 b
1 c 1 0 2 c
1 c 1 1 2 d
1 c 1 2 2 e
1 c 1 3 2 f
1 c 1 4 3 0
1 c 1 5 3 1
1 c 1 6 3 2
1 c 1 7 3 3
1 c 1 8 3 4
1 c 1 9 3 5
1 c 1 a 3 6
1 c 1 b 3 7
1 c 1 c 3 8
1 c 1 d 3 9
1 c 1 e 3 a
1 c 1 f 3 b
1 c 2 0 3 c
1 c 2 1 3 d
1 c 2 2 3 e
1 c 2 3 3 f
1 c 2 4 0 0
1 c 2 5 0 1
1 c 2 6 0 2
1 c 2 7 0 3
1 c 2 8 0 4
1 c 2 9 0 5
1 c 2 a 0 6
1 c 2 b 0 7
1 c 2 c 0 8
1 c 2 d 0 9
1 c 2 e 0 a
1 c 2 f 0 b
1 c 3 0 0 c
1 c 3 1 0 d
1 c 3 2 0 e
1 c 3 3 0 f
1 c 3 4 1 0
1 c 3 5 1 1
1 c 3 6 1 2
1 c 3 7 1 3
1 c 3 8 1 4
1 c 3 9 1 5
1 c 3 a 1 6
1 c 3 b 1 7
1 c 3 c 1 8
1 c 3 d 1 9
1 c 3 e 1 a
1 c 3 f 1 b
1 d 0 0 1 d
1 d 0 1 1 e
1 d 0 2 1 f
1 d 0 3 2 0
1 d 0 4 2 1
1 d 0 5 2 2
1 d 0 6 2 3
1 d 0 7 2 4
1 d 0 8 2 5
1 d 0 9 2 6
1 d 0 a 2 7
1 d 0 b 2 8
1 d 0 c 2 9
1 d 0 d 2 a
1 d 0 e 2 b
1 d 0 f 2 c
1 d 1 0 2 d
1 d 1 1 2 e
1 d 1 2 2 f
1 d 1 3 3 0
1 d 1 4 3 1
1 d 1 5 3 2
1 d 1 6 3 3
1 d 1 7 3 4
1 d 1 8 3 5
1 d 1 9 3 6
1 d 1 a 3 7
1 d 1 b 3 8
1 d 1 c 3 9
1 d 1 d 3 a
1 d 1 e 3 b
1 d 1 f 3 c
1 d 2 0 3 d
1 d 2 1 3 e
1 d 2 2 3 f
1 d 2 3 0 0
1 d 2 4 0 1
1 d 2 5 0 2
1 d 2 6 0 3
1 d 2 7 0 4
1 d 2 8 0 5
1 d 2 9 0 6
1 d 2 a 0 7
1 d 2 b 0 8
1 d 2 c 0 9
1 d 2 d 0 a
1 d 2 e 0 b
1 d 2 f 0 c
1 d 3 0 0 d
1 d 3 1 0 e
1 d 3 2 0 f
1 d 3 3 1 0
1 d 3 4 1 1
1 d 3 5 1 2
1 d 3 6 1 3
1 d 3 7 1 4
1 d 3 8 1 5
1 d 3 9 1 6
1 d 3 a 1 7
1 d 3 b 1 8
1 d 3 c 1 9
1 d 3 d 1 a
1 d 3 e 1 b
1 d 3 f 1 c
1 e 0 0 1 e
1 e 0 1 1 f
1 e 0 2 2 0
1 e 0 3 2 1
1 e 0 4 2 2
1 e 0 5 2 3
1 e 0 6 2 4
1 e 0 7 2 5
1 e 0 8 2 6
1 e 0 9 2 7
1 e 0 a 2 8
1 e 0 b 2 9
1 e 0 c 2 a
1 e 0 d 2 b
1 e 0 e 2 c
1 e 0 f 2 d
1 e 1 0 2 e
1 e 1 1 2 f
1 e 1 2 3 0
1 e 1 3 3 1
1 e 1 4 3 2
1 e 1 5 3 3
1 e 1 6 3 4
1 e 1 7 3 5
1 e 1 8 3 6
1 e 1 9 3 7
1 e 1 a 3 8
1 e 1 b 3 9
1 e 1 c 3 a
1 e 1 d 3 b
1 e 1 e 3 c
1 e 1 f 3 d
1 e 2 0 3 e
1 e 2 1 3 f
1 e 2 2 0 0
1 e 2 3 0 1
1 e 2 4 0 2
1 e 2 5 0 3
1 e 2 6 0 4
1 e 2 7 0 5
1 e 2 8 0 6
1 e 2 9 0 7
1 e 2 a 0 8
1 e 2 b 0 9
1 e 2 c 0 a
1 e 2 d 0 b
1 e 2 e 0 c
1 e 2 f 0 d
1 e 3 0 0 e
1 e 3 1 0 f
1 e 3 2 1 0
1 e 3 3 1 1
1 e 3 4 1 2
1 e 3 5 1 3
1 e 3 6 1 4
1 e 3 7 1 5
1 e 3 8 1 6
1 e 3 9 1 7
1 e 3 a 1 8
1 e 3 b 1 9
1 e 3 c 1 a
1 e 3 d 1 b
1 e 3 e 1 c
1 e 3 f 1 d
1 f 0 0 1 f
1 f 0 1 2 0
1 f 0 2 2 1
1 f 0 3 2 2
1 f 0 4 2 3
1 f 0 5 2 4
1 f 0 6 2 5
1 f 0 7 2 6
1 f 0 8 2 7
1 f 0 9 2 8
1 f 0 a 2 9
1 f 0 b 2 a
1 f 0 c 2 b
1 f 0 d 2 c
1 f 0 e 2 d
1 f 0 f 2 e
1 f 1 0 2 f
1 f 1 1 3 0
1 f 1 2 3 1
1 f 1 3 3 2
1 f 1 4 3 3
1 f 1 5 3 4
1 f 1 6 3 5
1 f 1 7 3 6
1 f 1 8 3 7
1 f 1 9 3 8
1 f 1 a 3 9
1 f 1 b 3 a
1 f 1 c 3 b
1 f 1 d 3 c
1 f 1 e 3 d
1 f 1 f 3 e
1 f 2 0 3 f
1 f 2 1 0 0
1 f 2 2 0 1
1 f 2 3 0 2
1 f 2 4 0 3
1 f 2 5 0 4
1 f 2 6 0 5
1 f 2 7 0 6
1 f 2 8 0 7
1 f 2 9 0 8
1 f 2 a 0 9
1 f 2 b 0 a
1 f 2 c 0 b
1 f 2 d 0 c
1 f 2 e 0 d
1 f 2 f 0 e
1 f 3 0 0 f
1 f 3 1 1 0
1 f 3 2 1 1
1 f 3 3 1 2
1 f 3 4 1 3
1 f 3 5 1 4
1 f 3 6 1 5
1 f 3 7 1 6
1 f 3 8 1 7
1 f 3 9 1 8
1 f 3 a 1 9
1 f 3 b 1 a
1 f 3 c 1 b
1 f 3 d 1 c
1 f 3 e 1 d
1 f 3 f 1 e
2 0 0 0 2 0
2 0 0 1 2 1
2 0 0 2 2 2
2 0 0 3 2 3
2 0 0 4 2 4
2 0 0 5 2 5
2 0 0 6 2 6
2 0 0 7 2 7
2 0 0 8 2 8
2 0 0 9 2 9
2 0 0 a 2 a
2 0 0 b 2 b
2 0 0 c 2 c
2 0 0 d 2 d
2 0 0 e 2 e
2 0 0 f 2 f
2 0 1 0 3 0
2 0 1 1 3 1
2 0 1 2 3 2
2 0 1 3 3 3
2 0 1 4 3 4
2 0 1 5 3 5
2 0 1 6 3 6
2 0 1 7 3 7
2 0 1 8 3 8
2 0 1 9 3 9
2 0 1 a 3 a
2 0 1 b 3 b
2 0 1 c 3 c
2 0 1 d 3 d
2 0 1 e 3 e
2 0 1 f 3 f
2 0 2 0 0 0
2 0 2 1 0 1
2 0 2 2 0 2
2 0 2 3 0 3
2 0 2 4 0 4
2 0 2 5 0 5
2 0 2 6 0 6
2 0 2 7 0 7
2 0 2 8 0 8
2 0 2 9 0 9
2 0 2 a 0 a
2 0 2 b 0 b
2 0 2 c 0 c
2 0 2 d 0 d
2 0 2 e 0 e
2 0 2 f 0 f
2 0 3 0 1 0
2 0 3 1 1 1
2 0 3 2 1 2
2 0 3 3 1 3
2 0 3 4 1 4
2 0 3 5 1 5
2 0 3 6 1 6
2 0 3 7 1 7
2 0 3 8 1 8
2 0 3 9 1 9
2 0 3 a 1 a
2 0 3 b 1 b
2 0 3 c 1 c
2 0 3 d 1 d
2 0 3 e 1 e
2 0 3 f 1 f
2 1 0 0 2 1
2 1 0 1 2 2
2 1 0 2 2 3
2 1 0 3 2 4
2 1 0 4 2 5
2 1 0 5 2 6
2 1 0 6 2 7
2 1 0 7 2 8
2 1 0 8 2 9
2 1 0 9 2 a
2 1 0 a 2 b
2 1 0 b 2 c
2 1 0 c 2 d
2 1 0 d 2 e
2 1 0 e 2 f
2 1 0 f 3 0
2 1 1 0 3 1
2 1 1 1 3 2
2 1 1 2 3 3
2 1 1 3 3 4
2 1 1 4 3 5
2 1 1 5 3 6
2 1 1 6 3 7
2 1 1 7 3 8
2 1 1 8 3 9
2 1 1 9 3 a
2 1 1 a 3 b
2 1 1 b 3 c
2 1 1 c 3 d
2 1 1 d 3 e
2 1 1 e 3 f
2 1 1 f 0 0
2 1 2 0 0 1
2 1 2 1 0 2
2 1 2 2 0 3
2 1 2 3 0 4
2 1 2 4 0 5
2 1 2 5 0 6
2 1 2 6 0 7
2 1 2 7 0 8
2 1 2 8 0 9
2 1 2 9 0 a
2 1 2 a 0 b
2 1 2 b 0 c
2 1 2 c 0 d
2 1 2 d 0 e
2 1 2 e 0 f
2 1 2 f 1 0
2 1 3 0 1 1
2 1 3 1 1 2
2 1 3 2 1 3
2 1 3 3 1 4
2 1 3 4 1 5
2 1 3 5 1 6
2 1 3 6 1 7
2 1 3 7 1 8
2 1 3 8 1 9
2 1 3 9 1 a
2 1 3 a 1 b
2 1 3 b 1 c
2 1 3 c 1 d
2 1 3 d 1 e
2 1 3 e 1 f
2 1 3 f 2 0
2 2 0 0 2 2
2 2 0 1 2 3
2 2 0 2 2 4
2 2 0 3 2 5
2 2 0 4 2 6
2 2 0 5 2 7
2 2 0 6 2 8
2 2 0 7 2 9
2 2 0 8 2 a
2 2 0 9 2 b
2 2 0 a 2 c
2 2 0 b 2 d
2 2 0 c 2 e
2 2 0 d 2 f
2 2 0 e 3 0
2 2 0 f 3 1
2 2 1 0 3 2
2 2 1 1 3 3
2 2 1 2 3 4
2 2 1 3 3 5
2 2 1 4 3 6
2 2 1 5 3 7
2 2 1 6 3 8
2 2 1 7 3 9
2 2 1 8 3 a
2 2 1 9 3 b
2 2 1 a 3 c
2 2 1 b 3 d
2 2 1 c 3 e
2 2 1 d 3 f
2 2 1 e 0 0
2 2 1 f 0 1
2 2 2 0 0 2
2 2 2 1 0 3
2 2 2 2 0 4
2 2 2 3 0 5
2 2 2 4 0 6
2 2 2 5 0 7
2 2 2 6 0 8
2 2 2 7 0 9
2 2 2 8 0 a
2 2 2 9 0 b
2 2 2 a 0 c
2 2 2 b 0 d
2 2 2 c 0 e
2 2 2 d 0 f
2 2 2 e 1 0
2 2 2 f 1 1
2 2 3 0 1 2
2 2 3 1 1 3
2 2 3 2 1 4
2 2 3 3 1 5
2 2 3 4 1 6
2 2 3 5 1 7
2 2 3 6 1 8
2 2 3 7 1 9
2 2 3 8 1 a
2 2 3 9 1 b
2 2 3 a 1 c
2 2 3 b 1 d
2 2 3 c 1 e
2 2 3 d 1 f
2 2 3 e 2 0
2 2 3 f 2 1
2 3 0 0 2 3
2 3 0 1 2 4
2 3 0 2 2 5
2 3 0 3 2 6
2 3 0 4 2 7
2 3 0 5 2 8
2 3 0 6 2 9
2 3 0 7 2 a
2 3 0 8 2 b
2 3 0 9 2 c
2 3 0 a 2 d
2 3 0 b 2 e
2 3 0 c 2 f
2 3 0 d 3 0
2 3 0 e 3 1
2 3 0 f 3 2
2 3 1 0 3 3
2 3 1 1 3 4
2 3 1 2 3 5
2 3 1 3 3 6
2 3 1 4 3 7
2 3 1 5 3 8
2 3 1 6 3 9
2 3 1 7 3 a
2 3 1 8 3 b
2 3 1 9 3 c
2 3 1 a 3 d
2 3 1 b 3 e
2 3 1 c 3 f
2 3 1 d 0 0
2 3 1 e 0 1
2 3 1 f 0 2
2 3 2 0 0 3
2 3 2 1 0 4
2 3 2 2 0 5
2 3 2 3 0 6
2 3 2 4 0 7
2 3 2 5 0 8
2 3 2 6 0 9
2 3 2 7 0 a
2 3 2 8 0 b
2 3 2 9 0 c
2 3 2 a 0 d
2 3 2 b 0 e
2 3 2 c 0 f
2 3 2 d 1 0
2 3 2 e 1 1
2 3 2 f 1 2
2 3 3 0 1 3
2 3 3 1 1 4
2 3 3 2 1 5
2 3 3 3 1 6
2 3 3 4 1 7
2 3 3 5 1 8
2 3 3 6 1 9
2 3 3 7 1 a
2 3 3 8 1 b
2 3 3 9 1 c
2 3 3 a 1 d
2 3 3 b 1 e
2 3 3 c 1 f
2 3 3 d 2 0
2 3 3 e 2 1
2 3 3 f 2 2
2 4 0 0 2 4
2 4 0 1 2 5
2 4 0 2 2 6
2 4 0 3 2 7
2 4 0 4 2 8
2 4 0 5 2 9
2 4 0 6 2 a
2 4 0 7 2 b
2 4 0 8 2 c
2 4 0 9 2 d
2 4 0 a 2 e
2 4 0 b 2 f
2 4 0 c 3 0
2 4 0 d 3 1
2 4 0 e 3 2
2 4 0 f 3 3
2 4 1 0 3 4
2 4 1 1 3 5
2 4 1 2 3 6
2 4 1 3 3 7
2 4 1 4 3 8
2 4 1 5 3 9
2 4 1 6 3 a
2 4 1 7 3 b
2 4 1 8 3 c
2 4 1 9 3 d
2 4 1 a 3 e
2 4 1 b 3 f
2 4 1 c 0 0
2 4 1 d 0 1
2 4 1 e 0 2
2 4 1 f 0 3
2 4 2 0 0 4
2 4 2 1 0 5
2 4 2 2 0 6
2 4 2 3 0 7
2 4 2 4 0 8
2 4 2 5 0 9
2 4 2 6 0 a
2 4 2 7 0 b
2 4 2 8 0 c
2 4 2 9 0 d
2 4 2 a 0 e
2 4 2 b 0 f
2 4 2 c 1 0
2 4 2 d 1 1
2 4 2 e 1 2
2 4 2 f 1 3
2 4 3 0 1 4
2 4 3 1 1 5
2 4 3 2 1 6
2 4 3 3 1 7
2 4 3 4 1 8
2 4 3 5 1 9
2 4 3 6 1 a
2 4 3 7 1 b
2 4 3 8 1 c
2 4 3 9 1 d
2 4 3 a 1 e
2 4 3 b 1 f
2 4 3 c 2 0
2 4 3 d 2 1
2 4 3 e 2 2
2 4 3 f 2 3
2 5 0 0 2 5
2 5 0 1 2 6
2 5 0 2 2 7
2 5 0 3 2 8
2 5 0 4 2 9
2 5 0 5 2 a
2 5 0 6 2 b
2 5 0 7 2 c
2 5 0 8 2 d
2 5 0 9 2 e
2 5 0 a 2 f
2 5 0 b 3 0
2 5 0 c 3 1
2 5 0 d 3 2
2 5 0 e 3 3
2 5 0 f 3 4
2 5 1 0 3 5
2 5 1 1 3 6
2 5 1 2 3 7
2 5 1 3 3 8
2 5 1 4 3 9
2 5 1 5 3 a
2 5 1 6 3 b
2 5 1 7 3 c
2 5 1 8 3 d
2 5 1 9 3 e
2 5 1 a 3 f
2 5 1 b 0 0
2 5 1 c 0 1
2 5 1 d 0 2
2 5 1 e 0 3
2 5 1 f 0 4
2 5 2 0 0 5
2 5 2 1 0 6
2 5 2 2 0 7
2 5 2 3 0 8
2 5 2 4 0 9
2 5 2 5 0 a
2 5 2 6 0 b
2 5 2 7 0 c
2 5 2 8 0 d
2 5 2 9 0 e
2 5 2 a 0 f
2 5 2 b 1 0
2 5 2 c 1 1
2 5 2 d 1 2
2 5 2 e 1 3
2 5 2 f 1 4
2 5 3 0 1 5
2 5 3 1 1 6
2 5 3 2 1 7
2 5 3 3 1 8
2 5 3 4 1 9
2 5 3 5 1 a
2 5 3 6 1 b
2 5 3 7 1 c
2 5 3 8 1 d
2 5 3 9 1 e
2 5 3 a 1 f
2 5 3 b 2 0
2 5 3 c 2 1
2 5 3 d 2 2
2 5 3 e 2 3
2 5 3 f 2 4
2 6 0 0 2 6
2 6 0 1 2 7
2 6 0 2 2 8
2 6 0 3 2 9
2 6 0 4 2 a
2 6 0 5 2 b
2 6 0 6 2 c
2 6 0 7 2 d
2 6 0 8 2 e
2 6 0 9 2 f
2 6 0 a 3 0
2 6 0 b 3 1
2 6 0 c 3 2
2 6 0 d 3 3
2 6 0 e 3 4
2 6 0 f 3 5
2 6 1 0 3 6
2 6 1 1 3 7
2 6 1 2 3 8
2 6 1 3 3 9
2 6 1 4 3 a
2 6 1 5 3 b
2 6 1 6 3 c
2 6 1 7 3 d
2 6 1 8 3 e
2 6 1 9 3 f
2 6 1 a 0 0
2 6 1 b 0 1
2 6 1 c 0 2
2 6 1 d 0 3
2 6 1 e 0 4
2 6 1 f 0 5
2 6 2 0 0 6
2 6 2 1 0 7
2 6 2 2 0 8
2 6 2 3 0 9
2 6 2 4 0 a
2 6 2 5 0 b
2 6 2 6 0 c
2 6 2 7 0 d
2 6 2 8 0 e
2 6 2 9 0 f
2 6 2 a 1 0
2 6 2 b 1 1
2 6 2 c 1 2
2 6 2 d 1 3
2 6 2 e 1 4
2 6 2 f 1 5
2 6 3 0 1 6
2 6 3 1 1 7
2 6 3 2 1 8
2 6 3 3 1 9
2 6 3 4 1 a
2 6 3 5 1 b
2 6 3 6 1 c
2 6 3 7 1 d
2 6 3 8 1 e
2 6 3 9 1 f
2 6 3 a 2 0
2 6 3 b 2 1
2 6 3 c 2 2
2 6 3 d 2 3
2 6 3 e 2 4
2 6 3 f 2 5
2 7 0 0 2 7
2 7 0 1 2 8
2 7 0 2 2 9
2 7 0 3 2 a
2 7 0 4 2 b
2 7 0 5 2 c
2 7 0 6 2 d
2 7 0 7 2 e
2 7 0 8 2 f
2 7 0 9 3 0
2 7 0 a 3 1
2 7 0 b 3 2
2 7 0 c 3 3
2 7 0 d 3 4
2 7 0 e 3 5
2 7 0 f 3 6
2 7 1 0 3 7
2 7 1 1 3 8
2 7 1 2 3 9
2 7 1 3 3 a
2 7 1 4 3 b
2 7 1 5 3 c
2 7 1 6 3 d
2 7 1 7 3 e
2 7 1 8 3 f
2 7 1 9 0 0
2 7 1 a 0 1
2 7 1 b 0 2
2 7 1 c 0 3
2 7 1 d 0 4
2 7 1 e 0 5
2 7 1 f 0 6
2 7 2 0 0 7
2 7 2 1 0 8
2 7 2 2 0 9
2 7 2 3 0 a
2 7 2 4 0 b
2 7 2 5 0 c
2 7 2 6 0 d
2 7 2 7 0 e
2 7 2 8 0 f
2 7 2 9 1 0
2 7 2 a 1 1
2 7 2 b 1 2
2 7 2 c 1 3
2 7 2 d 1 4
2 7 2 e 1 5
2 7 2 f 1 6
2 7 3 0 1 7
2 7 3 1 1 8
2 7 3 2 1 9
2 7 3 3 1 a
2 7 3 4 1 b
2 7 3 5 1 c
2 7 3 6 1 d
2 7 3 7 1 e
2 7 3 8 1 f
2 7 3 9 2 0
2 7 3 a 2 1
2 7 3 b 2 2
2 7 3 c 2 3
2 7 3 d 2 4
2 7 3 e 2 5
2 7 3 f 2 6
2 8 0 0 2 8
2 8 0 1 2 9
2 8 0 2 2 a
2 8 0 3 2 b
2 8 0 4 2 c
2 8 0 5 2 d
2 8 0 6 2 e
2 8 0 7 2 f
2 8 0 8 3 0
2 8 0 9 3 1
2 8 0 a 3 2
2 8 0 b 3 3
2 8 0 c 3 4
2 8 0 d 3 5
2 8 0 e 3 6
2 8 0 f 3 7
2 8 1 0 3 8
2 8 1 1 3 9
2 8 1 2 3 a
2 8 1 3 3 b
2 8 1 4 3 c
2 8 1 5 3 d
2 8 1 6 3 e
2 8 1 7 3 f
2 8 1 8 0 0
2 8 1 9 0 1
2 8 1 a 0 2
2 8 1 b 0 3
2 8 1 c 0 4
2 8 1 d 0 5
2 8 1 e 0 6
2 8 1 f 0 7
2 8 2 0 0 8
2 8 2 1 0 9
2 8 2 2 0 a
2 8 2 3 0 b
2 8 2 4 0 c
2 8 2 5 0 d
2 8 2 6 0 e
2 8 2 7 0 f
2 8 2 8 1 0
2 8 2 9 1 1
2 8 2 a 1 2
2 8 2 b 1 3
2 8 2 c 1 4
2 8 2 d 1 5
2 8 2 e 1 6
2 8 2 f 1 7
2 8 3 0 1 8
2 8 3 1 1 9
2 8 3 2 1 a
2 8 3 3 1 b
2 8 3 4 1 c
2 8 3 5 1 d
2 8 3 6 1 e
2 8 3 7 1 f
2 8 3 8 2 0
2 8 3 9 2 1
2 8 3 a 2 2
2 8 3 b 2 3
2 8 3 c 2 4
2 8 3 d 2 5
2 8 3 e 2 6
2 8 3 f 2 7
2 9 0 0 2 9
2 9 0 1 2 a
2 9 0 2 2 b
2 9 0 3 2 c
2 9 0 4 2 d
2 9 0 5 2 e
2 9 0 6 2 f
2 9 0 7 3 0
2 9 0 8 3 1
2 9 0 9 3 2
2 9 0 a 3 3
2 9 0 b 3 4
2 9 0 c 3 5
2 9 0 d 3 6
2 9 0 e 3 7
2 9 0 f 3 8
2 9 1 0 3 9
2 9 1 1 3 a
2 9 1 2 3 b
2 9 1 3 3 c
2 9 1 4 3 d
2 9 1 5 3 e
2 9 1 6 3 f
2 9 1 7 0 0
2 9 1 8 0 1
2 9 1 9 0 2
2 9 1 a 0 3
2 9 1 b 0 4
2 9 1 c 0 5
2 9 1 d 0 6
2 9 1 e 0 7
2 9 1 f 0 8
2 9 2 0 0 9
2 9 2 1 0 a
2 9 2 2 0 b
2 9 2 3 0 c
2 9 2 4 0 d
2 9 2 5 0 e
2 9 2 6 0 f
2 9 2 7 1 0
2 9 2 8 1 1
2 9 2 9 1 2
2 9 2 a 1 3
2 9 2 b 1 4
2 9 2 c 1 5
2 9 2 d 1 6
2 9 2 e 1 7
2 9 2 f 1 8
2 9 3 0 1 9
2 9 3 1 1 a
2 9 3 2 1 b
2 9 3 3 1 c
2 9 3 4 1 d
2 9 3 5 1 e
2 9 3 6 1 f
2 9 3 7 2 0
2 9 3 8 2 1
2 9 3 9 2 2
2 9 3 a 2 3
2 9 3 b 2 4
2 9 3 c 2 5
2 9 3 d 2 6
2 9 3 e 2 7
2 9 3 f 2 8
2 a 0 0 2 a
2 a 0 1 2 b
2 a 0 2 2 c
2 a 0 3 2 d
2 a 0 4 2 e
2 a 0 5 2 f
2 a 0 6 3 0
2 a 0 7 3 1
2 a 0 8 3 2
2 a 0 9 3 3
2 a 0 a 3 4
2 a 0 b 3 5
2 a 0 c 3 6
2 a 0 d 3 7
2 a 0 e 3 8
2 a 0 f 3 9
2 a 1 0 3 a
2 a 1 1 3 b
2 a 1 2 3 c
2 a 1 3 3 d
2 a 1 4 3 e
2 a 1 5 3 f
2 a 1 6 0 0
2 a 1 7 0 1
2 a 1 8 0 2
2 a 1 9 0 3
2 a 1 a 0 4
2 a 1 b 0 5
2 a 1 c 0 6
2 a 1 d 0 7
2 a 1 e 0 8
2 a 1 f 0 9
2 a 2 0 0 a
2 a 2 1 0 b
2 a 2 2 0 c
2 a 2 3 0 d
2 a 2 4 0 e
2 a 2 5 0 f
2 a 2 6 1 0
2 a 2 7 1 1
2 a 2 8 1 2
2 a 2 9 1 3
2 a 2 a 1 4
2 a 2 b 1 5
2 a 2 c 1 6
2 a 2 d 1 7
2 a 2 e 1 8
2 a 2 f 1 9
2 a 3 0 1 a
2 a 3 1 1 b
2 a 3 2 1 c
2 a 3 3 1 d
2 a 3 4 1 e
2 a 3 5 1 f
2 a 3 6 2 0
2 a 3 7 2 1
2 a 3 8 2 2
2 a 3 9 2 3
2 a 3 a 2 4
2 a 3 b 2 5
2 a 3 c 2 6
2 a 3 d 2 7
2 a 3 e 2 8
2 a 3 f 2 9
2 b 0 0 2 b
2 b 0 1 2 c
2 b 0 2 2 d
2 b 0 3 2 e
2 b 0 4 2 f
2 b 0 5 3 0
2 b 0 6 3 1
2 b 0 7 3 2
2 b 0 8 3 3
2 b 0 9 3 4
2 b 0 a 3 5
2 b 0 b 3 6
2 b 0 c 3 7
2 b 0 d 3 8
2 b 0 e 3 9
2 b 0 f 3 a
2 b 1 0 3 b
2 b 1 1 3 c
2 b 1 2 3 d
2 b 1 3 3 e
2 b 1 4 3 f
2 b 1 5 0 0
2 b 1 6 0 1
2 b 1 7 0 2
2 b 1 8 0 3
2 b 1 9 0 4
2 b 1 a 0 5
2 b 1 b 0 6
2 b 1 c 0 7
2 b 1 d 0 8
2 b 1 e 0 9
2 b 1 f 0 a
2 b 2 0 0 b
2 b 2 1 0 c
2 b 2 2 0 d
2 b 2 3 0 e
2 b 2 4 0 f
2 b 2 5 1 0
2 b 2 6 1 1
2 b 2 7 1 2
2 b 2 8 1 3
2 b 2 9 1 4
2 b 2 a 1 5
2 b 2 b 1 6
2 b 2 c 1 7
2 b 2 d 1 8
2 b 2 e 1 9
2 b 2 f 1 a
2 b 3 0 1 b
2 b 3 1 1 c
2 b 3 2 1 d
2 b 3 3 1 e
2 b 3 4 1 f
2 b 3 5 2 0
2 b 3 6 2 1
2 b 3 7 2 2
2 b 3 8 2 3
2 b 3 9 2 4
2 b 3 a 2 5
2 b 3 b 2 6
2 b 3 c 2 7
2 b 3 d 2 8
2 b 3 e 2 9
2 b 3 f 2 a
2 c 0 0 2 c
2 c 0 1 2 d
2 c 0 2 2 e
2 c 0 3 2 f
2 c 0 4 3 0
2 c 0 5 3 1
2 c 0 6 3 2
2 c 0 7 3 3
2 c 0 8 3 4
2 c 0 9 3 5
2 c 0 a 3 6
2 c 0 b 3 7
2 c 0 c 3 8
2 c 0 d 3 9
2 c 0 e 3 a
2 c 0 f 3 b
2 c 1 0 3 c
2 c 1 1 3 d
2 c 1 2 3 e
2 c 1 3 3 f
2 c 1 4 0 0
2 c 1 5 0 1
2 c 1 6 0 2
2 c 1 7 0 3
2 c 1 8 0 4
2 c 1 9 0 5
2 c 1 a 0 6
2 c 1 b 0 7
2 c 1 c 0 8
2 c 1 d 0 9
2 c 1 e 0 a
2 c 1 f 0 b
2 c 2 0 0 c
2 c 2 1 0 d
2 c 2 2 0 e
2 c 2 3 0 f
2 c 2 4 1 0
2 c 2 5 1 1
2 c 2 6 1 2
2 c 2 7 1 3
2 c 2 8 1 4
2 c 2 9 1 5
2 c 2 a 1 6
2 c 2 b 1 7
2 c 2 c 1 8
2 c 2 d 1 9
2 c 2 e 1 a
2 c 2 f 1 b
2 c 3 0 1 c
2 c 3 1 1 d
2 c 3 2 1 e
2 c 3 3 1 f
2 c 3 4 2 0
2 c 3 5 2 1
2 c 3 6 2 2
2 c 3 7 2 3
2 c 3 8 2 4
2 c 3 9 2 5
2 c 3 a 2 6
2 c 3 b 2 7
2 c 3 c 2 8
2 c 3 d 2 9
2 c 3 e 2 a
2 c 3 f 2 b
2 d 0 0 2 d
2 d 0 1 2 e
2 d 0 2 2 f
2 d 0 3 3 0
2 d 0 4 3 1
2 d 0 5 3 2
2 d 0 6 3 3
2 d 0 7 3 4
2 d 0 8 3 5
2 d 0 9 3 6
2 d 0 a 3 7
2 d 0 b 3 8
2 d 0 c 3 9
2 d 0 d 3 a
2 d 0 e 3 b
2 d 0 f 3 c
2 d 1 0 3 d
2 d 1 1 3 e
2 d 1 2 3 f
2 d 1 3 0 0
2 d 1 4 0 1
2 d 1 5 0 2
2 d 1 6 0 3
2 d 1 7 0 4
2 d 1 8 0 5
2 d 1 9 0 6
2 d 1 a 0 7
2 d 1 b 0 8
2 d 1 c 0 9
2 d 1 d 0 a
2 d 1 e 0 b
2 d 1 f 0 c
2 d 2 0 0 d
2 d 2 1 0 e
2 d 2 2 0 f
2 d 2 3 1 0
2 d 2 4 1 1
2 d 2 5 1 2
2 d 2 6 1 3
2 d 2 7 1 4
2 d 2 8 1 5
2 d 2 9 1 6
2 d 2 a 1 7
2 d 2 b 1 8
2 d 2 c 1 9
2 d 2 d 1 a
2 d 2 e 1 b
2 d 2 f 1 c
2 d 3 0 1 d
2 d 3 1 1 e
2 d 3 2 1 f
2 d 3 3 2 0
2 d 3 4 2 1
2 d 3 5 2 2
2 d 3 6 2 3
2 d 3 7 2 4
2 d 3 8 2 5
2 d 3 9 2 6
2 d 3 a 2 7
2 d 3 b 2 8
2 d 3 c 2 9
2 d 3 d 2 a
2 d 3 e 2 b
2 d 3 f 2 c
2 e 0 0 2 e
2 e 0 1 2 f
2 e 0 2 3 0
2 e 0 3 3 1
2 e 0 4 3 2
2 e 0 5 3 3
2 e 0 6 3 4
2 e 0 7 3 5
2 e 0 8 3 6
2 e 0 9 3 7
2 e 0 a 3 8
2 e 0 b 3 9
2 e 0 c 3 a
2 e 0 d 3 b
2 e 0 e 3 c
2 e 0 f 3 d
2 e 1 0 3 e
2 e 1 1 3 f
2 e 1 2 0 0
2 e 1 3 0 1
2 e 1 4 0 2
2 e 1 5 0 3
2 e 1 6 0 4
2 e 1 7 0 5
2 e 1 8 0 6
2 e 1 9 0 7
2 e 1 a 0 8
2 e 1 b 0 9
2 e 1 c 0 a
2 e 1 d 0 b
2 e 1 e 0 c
2 e 1 f 0 d
2 e 2 0 0 e
2 e 2 1 0 f
2 e 2 2 1 0
2 e 2 3 1 1
2 e 2 4 1 2
2 e 2 5 1 3
2 e 2 6 1 4
2 e 2 7 1 5
2 e 2 8 1 6
2 e 2 9 1 7
2 e 2 a 1 8
2 e 2 b 1 9
2 e 2 c 1 a
2 e 2 d 1 b
2 e 2 e 1 c
2 e 2 f 1 d
2 e 3 0 1 e
2 e 3 1 1 f
2 e 3 2 2 0
2 e 3 3 2 1
2 e 3 4 2 2
2 e 3 5 2 3
2 e 3 6 2 4
2 e 3 7 2 5
2 e 3 8 2 6
2 e 3 9 2 7
2 e 3 a 2 8
2 e 3 b 2 9
2 e 3 c 2 a
2 e 3 d 2 b
2 e 3 e 2 c
2 e 3 f 2 d
2 f 0 0 2 f
2 f 0 1 3 0
2 f 0 2 3 1
2 f 0 3 3 2
2 f 0 4 3 3
2 f 0 5 3 4
2 f 0 6 3 5
2 f 0 7 3 6
2 f 0 8 3 7
2 f 0 9 3 8
2 f 0 a 3 9
2 f 0 b 3 a
2 f 0 c 3 b
2 f 0 d 3 c
2 f 0 e 3 d
2 f 0 f 3 e
2 f 1 0 3 f
2 f 1 1 0 0
2 f 1 2 0 1
2 f 1 3 0 2
2 f 1 4 0 3
2 f 1 5 0 4
2 f 1 6 0 5
2 f 1 7 0 6
2 f 1 8 0 7
2 f 1 9 0 8
2 f 1 a 0 9
2 f 1 b 0 a
2 f 1 c 0 b
2 f 1 d 0 c
2 f 1 e 0 d
2 f 1 f 0 e
2 f 2 0 0 f
2 f 2 1 1 0
2 f 2 2 1 1
2 f 2 3 1 2
2 f 2 4 1 3
2 f 2 5 1 4
2 f 2 6 1 5
2 f 2 7 1 6
2 f 2 8 1 7
2 f 2 9 1 8
2 f 2 a 1 9
2 f 2 b 1 a
2 f 2 c 1 b
2 f 2 d 1 c
2 f 2 e 1 d
2 f 2 f 1 e
2 f 3 0 1 f
2 f 3 1 2 0
2 f 3 2 2 1
2 f 3 3 2 2
2 f 3 4 2 3
2 f 3 5 2 4
2 f 3 6 2 5
2 f 3 7 2 6
2 f 3 8 2 7
2 f 3 9 2 8
2 f 3 a 2 9
2 f 3 b 2 a
2 f 3 c 2 b
2 f 3 d 2 c
2 f 3 e 2 d
2 f 3 f 2 e
3 0 0 0 3 0
3 0 0 1 3 1
3 0 0 2 3 2
3 0 0 3 3 3
3 0 0 4 3 4
3 0 0 5 3 5
3 0 0 6 3 6
3 0 0 7 3 7
3 0 0 8 3 8
3 0 0 9 3 9
3 0 0 a 3 a
3 0 0 b 3 b
3 0 0 c 3 c
3 0 0 d 3 d
3 0 0 e 3 e
3 0 0 f 3 f
3 0 1 0 0 0
3 0 1 1 0 1
3 0 1 2 0 2
3 0 1 3 0 3
3 0 1 4 0 4
3 0 1 5 0 5
3 0 1 6 0 6
3 0 1 7 0 7
3 0 1 8 0 8
3 0 1 9 0 9
3 0 1 a 0 a
3 0 1 b 0 b
3 0 1 c 0 c
3 0 1 d 0 d
3 0 1 e 0 e
3 0 1 f 0 f
3 0 2 0 1 0
3 0 2 1 1 1
3 0 2 2 1 2
3 0 2 3 1 3
3 0 2 4 1 4
3 0 2 5 1 5
3 0 2 6 1 6
3 0 2 7 1 7
3 0 2 8 1 8
3 0 2 9 1 9
3 0 2 a 1 a
3 0 2 b 1 b
3 0 2 c 1 c
3 0 2 d 1 d
3 0 2 e 1 e
3 0 2 f 1 f
3 0 3 0 2 0
3 0 3 1 2 1
3 0 3 2 2 2
3 0 3 3 2 3
3 0 3 4 2 4
3 0 3 5 2 5
3 0 3 6 2 6
3 0 3 7 2 7
3 0 3 8 2 8
3 0 3 9 2 9
3 0 3 a 2 a
3 0 3 b 2 b
3 0 3 c 2 c
3 0 3 d 2 d
3 0 3 e 2 e
3 0 3 f 2 f
3 1 0 0 3 1
3 1 0 1 3 2
3 1 0 2 3 3
3 1 0 3 3 4
3 1 0 4 3 5
3 1 0 5 3 6
3 1 0 6 3 7
3 1 0 7 3 8
3 1 0 8 3 9
3 1 0 9 3 a
3 1 0 a 3 b
3 1 0 b 3 c
3 1 0 c 3 d
3 1 0 d 3 e
3 1 0 e 3 f
3 1 0 f 0 0
3 1 1 0 0 1
3 1 1 1 0 2
3 1 1 2 0 3
3 1 1 3 0 4
3 1 1 4 0 5
3 1 1 5 0 6
3 1 1 6 0 7
3 1 1 7 0 8
3 1 1 8 0 9
3 1 1 9 0 a
3 1 1 a 0 b
3 1 1 b 0 c
3 1 1 c 0 d
3 1 1 d 0 e
3 1 1 e 0 f
3 1 1 f 1 0
3 1 2 0 1 1
3 1 2 1 1 2
3 1 2 2 1 3
3 1 2 3 1 4
3 1 2 4 1 5
3 1 2 5 1 6
3 1 2 6 1 7
3 1 2 7 1 8
3 1 2 8 1 9
3 1 2 9 1 a
3 1 2 a 1 b
3 1 2 b 1 c
3 1 2 c 1 d
3 1 2 d 1 e
3 1 2 e 1 f
3 1 2 f 2 0
3 1 3 0 2 1
3 1 3 1 2 2
3 1 3 2 2 3
3 1 3 3 2 4
3 1 3 4 2 5
3 1 3 5 2 6
3 1 3 6 2 7
3 1 3 7 2 8
3 1 3 8 2 9
3 1 3 9 2 a
3 1 3 a 2 b
3 1 3 b 2 c
3 1 3 c 2 d
3 1 3 d 2 e
3 1 3 e 2 f
3 1 3 f 3 0
3 2 0 0 3 2
3 2 0 1 3 3
3 2 0 2 3 4
3 2 0 3 3 5
3 2 0 4 3 6
3 2 0 5 3 7
3 2 0 6 3 8
3 2 0 7 3 9
3 2 0 8 3 a
3 2 0 9 3 b
3 2 0 a 3 c
3 2 0 b 3 d
3 2 0 c 3 e
3 2 0 d 3 f
3 2 0 e 0 0
3 2 0 f 0 1
3 2 1 0 0 2
3 2 1 1 0 3
3 2 1 2 0 4
3 2 1 3 0 5
3 2 1 4 0 6
3 2 1 5 0 7
3 2 1 6 0 8
3 2 1 7 0 9
3 2 1 8 0 a
3 2 1 9 0 b
3 2 1 a 0 c
3 2 1 b 0 d
3 2 1 c 0 e
3 2 1 d 0 f
3 2 1 e 1 0
3 2 1 f 1 1
3 2 2 0 1 2
3 2 2 1 1 3
3 2 2 2 1 4
3 2 2 3 1 5
3 2 2 4 1 6
3 2 2 5 1 7
3 2 2 6 1 8
3 2 2 7 1 9
3 2 2 8 1 a
3 2 2 9 1 b
3 2 2 a 1 c
3 2 2 b 1 d
3 2 2 c 1 e
3 2 2 d 1 f
3 2 2 e 2 0
3 2 2 f 2 1
3 2 3 0 2 2
3 2 3 1 2 3
3 2 3 2 2 4
3 2 3 3 2 5
3 2 3 4 2 6
3 2 3 5 2 7
3 2 3 6 2 8
3 2 3 7 2 9
3 2 3 8 2 a
3 2 3 9 2 b
3 2 3 a 2 c
3 2 3 b 2 d
3 2 3 c 2 e
3 2 3 d 2 f
3 2 3 e 3 0
3 2 3 f 3 1
3 3 0 0 3 3
3 3 0 1 3 4
3 3 0 2 3 5
3 3 0 3 3 6
3 3 0 4 3 7
3 3 0 5 3 8
3 3 0 6 3 9
3 3 0 7 3 a
3 3 0 8 3 b
3 3 0 9 3 c
3 3 0 a 3 d
3 3 0 b 3 e
3 3 0 c 3 f
3 3 0 d 0 0
3 3 0 e 0 1
3 3 0 f 0 2
3 3 1 0 0 3
3 3 1 1 0 4
3 3 1 2 0 5
3 3 1 3 0 6
3 3 1 4 0 7
3 3 1 5 0 8
3 3 1 6 0 9
3 3 1 7 0 a
3 3 1 8 0 b
3 3 1 9 0 c
3 3 1 a 0 d
3 3 1 b 0 e
3 3 1 c 0 f
3 3 1 d 1 0
3 3 1 e 1 1
3 3 1 f 1 2
3 3 2 0 1 3
3 3 2 1 1 4
3 3 2 2 1 5
3 3 2 3 1 6
3 3 2 4 1 7
3 3 2 5 1 8
3 3 2 6 1 9
3 3 2 7 1 a
3 3 2 8 1 b
3 3 2 9 1 c
3 3 2 a 1 d
3 3 2 b 1 e
3 3 2 c 1 f
3 3 2 d 2 0
3 3 2 e 2 1
3 3 2 f 2 2
3 3 3 0 2 3
3 3 3 1 2 4
3 3 3 2 2 5
3 3 3 3 2 6
3 3 3 4 2 7
3 3 3 5 2 8
3 3 3 6 2 9
3 3 3 7 2 a
3 3 3 8 2 b
3 3 3 9 2 c
3 3 3 a 2 d
3 3 3 b 2 e
3 3 3 c 2 f
3 3 3 d 3 0
3 3 3 e 3 1
3 3 3 f 3 2
3 4 0 0 3 4
3 4 0 1 3 5
3 4 0 2 3 6
3 4 0 3 3 7
3 4 0 4 3 8
3 4 0 5 3 9
3 4 0 6 3 a
3 4 0 7 3 b
3 4 0 8 3 c
3 4 0 9 3 d
3 4 0 a 3 e
3 4 0 b 3 f
3 4 0 c 0 0
3 4 0 d 0 1
3 4 0 e 0 2
3 4 0 f 0 3
3 4 1 0 0 4
3 4 1 1 0 5
3 4 1 2 0 6
3 4 1 3 0 7
3 4 1 4 0 8
3 4 1 5 0 9
3 4 1 6 0 a
3 4 1 7 0 b
3 4 1 8 0 c
3 4 1 9 0 d
3 4 1 a 0 e
3 4 1 b 0 f
3 4 1 c 1 0
3 4 1 d 1 1
3 4 1 e 1 2
3 4 1 f 1 3
3 4 2 0 1 4
3 4 2 1 1 5
3 4 2 2 1 6
3 4 2 3 1 7
3 4 2 4 1 8
3 4 2 5 1 9
3 4 2 6 1 a
3 4 2 7 1 b
3 4 2 8 1 c
3 4 2 9 1 d
3 4 2 a 1 e
3 4 2 b 1 f
3 4 2 c 2 0
3 4 2 d 2 1
3 4 2 e 2 2
3 4 2 f 2 3
3 4 3 0 2 4
3 4 3 1 2 5
3 4 3 2 2 6
3 4 3 3 2 7
3 4 3 4 2 8
3 4 3 5 2 9
3 4 3 6 2 a
3 4 3 7 2 b
3 4 3 8 2 c
3 4 3 9 2 d
3 4 3 a 2 e
3 4 3 b 2 f
3 4 3 c 3 0
3 4 3 d 3 1
3 4 3 e 3 2
3 4 3 f 3 3
3 5 0 0 3 5
3 5 0 1 3 6
3 5 0 2 3 7
3 5 0 3 3 8
3 5 0 4 3 9
3 5 0 5 3 a
3 5 0 6 3 b
3 5 0 7 3 c
3 5 0 8 3 d
3 5 0 9 3 e
3 5 0 a 3 f
3 5 0 b 0 0
3 5 0 c 0 1
3 5 0 d 0 2
3 5 0 e 0 3
3 5 0 f 0 4
3 5 1 0 0 5
3 5 1 1 0 6
3 5 1 2 0 7
3 5 1 3 0 8
3 5 1 4 0 9
3 5 1 5 0 a
3 5 1 6 0 b
3 5 1 7 0 c
3 5 1 8 0 d
3 5 1 9 0 e
3 5 1 a 0 f
3 5 1 b 1 0
3 5 1 c 1 1
3 5 1 d 1 2
3 5 1 e 1 3
3 5 1 f 1 4
3 5 2 0 1 5
3 5 2 1 1 6
3 5 2 2 1 7
3 5 2 3 1 8
3 5 2 4 1 9
3 5 2 5 1 a
3 5 2 6 1 b
3 5 2 7 1 c
3 5 2 8 1 d
3 5 2 9 1 e
3 5 2 a 1 f
3 5 2 b 2 0
3 5 2 c 2 1
3 5 2 d 2 2
3 5 2 e 2 3
3 5 2 f 2 4
3 5 3 0 2 5
3 5 3 1 2 6
3 5 3 2 2 7
3 5 3 3 2 8
3 5 3 4 2 9
3 5 3 5 2 a
3 5 3 6 2 b
3 5 3 7 2 c
3 5 3 8 2 d
3 5 3 9 2 e
3 5 3 a 2 f
3 5 3 b 3 0
3 5 3 c 3 1
3 5 3 d 3 2
3 5 3 e 3 3
3 5 3 f 3 4
3 6 0 0 3 6
3 6 0 1 3 7
3 6 0 2 3 8
3 6 0 3 3 9
3 6 0 4 3 a
3 6 0 5 3 b
3 6 0 6 3 c
3 6 0 7 3 d
3 6 0 8 3 e
3 6 0 9 3 f
3 6 0 a 0 0
3 6 0 b 0 1
3 6 0 c 0 2
3 6 0 d 0 3
3 6 0 e 0 4
3 6 0 f 0 5
3 6 1 0 0 6
3 6 1 1 0 7
3 6 1 2 0 8
3 6 1 3 0 9
3 6 1 4 0 a
3 6 1 5 0 b
3 6 1 6 0 c
3 6 1 7 0 d
3 6 1 8 0 e
3 6 1 9 0 f
3 6 1 a 1 0
3 6 1 b 1 1
3 6 1 c 1 2
3 6 1 d 1 3
3 6 1 e 1 4
3 6 1 f 1 5
3 6 2 0 1 6
3 6 2 1 1 7
3 6 2 2 1 8
3 6 2 3 1 9
3 6 2 4 1 a
3 6 2 5 1 b
3 6 2 6 1 c
3 6 2 7 1 d
3 6 2 8 1 e
3 6 2 9 1 f
3 6 2 a 2 0
3 6 2 b 2 1
3 6 2 c 2 2
3 6 2 d 2 3
3 6 2 e 2 4
3 6 2 f 2 5
3 6 3 0 2 6
3 6 3 1 2 7
3 6 3 2 2 8
3 6 3 3 2 9
3 6 3 4 2 a
3 6 3 5 2 b
3 6 3 6 2 c
3 6 3 7 2 d
3 6 3 8 2 e
3 6 3 9 2 f
3 6 3 a 3 0
3 6 3 b 3 1
3 6 3 c 3 2
3 6 3 d 3 3
3 6 3 e 3 4
3 6 3 f 3 5
3 7 0 0 3 7
3 7 0 1 3 8
3 7 0 2 3 9
3 7 0 3 3 a
3 7 0 4 3 b
3 7 0 5 3 c
3 7 0 6 3 d
3 7 0 7 3 e
3 7 0 8 3 f
3 7 0 9 0 0
3 7 0 a 0 1
3 7 0 b 0 2
3 7 0 c 0 3
3 7 0 d 0 4
3 7 0 e 0 5
3 7 0 f 0 6
3 7 1 0 0 7
3 7 1 1 0 8
3 7 1 2 0 9
3 7 1 3 0 a
3 7 1 4 0 b
3 7 1 5 0 c
3 7 1 6 0 d
3 7 1 7 0 e
3 7 1 8 0 f
3 7 1 9 1 0
3 7 1 a 1 1
3 7 1 b 1 2
3 7 1 c 1 3
3 7 1 d 1 4
3 7 1 e 1 5
3 7 1 f 1 6
3 7 2 0 1 7
3 7 2 1 1 8
3 7 2 2 1 9
3 7 2 3 1 a
3 7 2 4 1 b
3 7 2 5 1 c
3 7 2 6 1 d
3 7 2 7 1 e
3 7 2 8 1 f
3 7 2 9 2 0
3 7 2 a 2 1
3 7 2 b 2 2
3 7 2 c 2 3
3 7 2 d 2 4
3 7 2 e 2 5
3 7 2 f 2 6
3 7 3 0 2 7
3 7 3 1 2 8
3 7 3 2 2 9
3 7 3 3 2 a
3 7 3 4 2 b
3 7 3 5 2 c
3 7 3 6 2 d
3 7 3 7 2 e
3 7 3 8 2 f
3 7 3 9 3 0
3 7 3 a 3 1
3 7 3 b 3 2
3 7 3 c 3 3
3 7 3 d 3 4
3 7 3 e 3 5
3 7 3 f 3 6
3 8 0 0 3 8
3 8 0 1 3 9
3 8 0 2 3 a
3 8 0 3 3 b
3 8 0 4 3 c
3 8 0 5 3 d
3 8 0 6 3 e
3 8 0 7 3 f
3 8 0 8 0 0
3 8 0 9 0 1
3 8 0 a 0 2
3 8 0 b 0 3
3 8 0 c 0 4
3 8 0 d 0 5
3 8 0 e 0 6
3 8 0 f 0 7
3 8 1 0 0 8
3 8 1 1 0 9
3 8 1 2 0 a
3 8 1 3 0 b
3 8 1 4 0 c
3 8 1 5 0 d
3 8 1 6 0 e
3 8 1 7 0 f
3 8 1 8 1 0
3 8 1 9 1 1
3 8 1 a 1 2
3 8 1 b 1 3
3 8 1 c 1 4
3 8 1 d 1 5
3 8 1 e 1 6
3 8 1 f 1 7
3 8 2 0 1 8
3 8 2 1 1 9
3 8 2 2 1 a
3 8 2 3 1 b
3 8 2 4 1 c
3 8 2 5 1 d
3 8 2 6 1 e
3 8 2 7 1 f
3 8 2 8 2 0
3 8 2 9 2 1
3 8 2 a 2 2
3 8 2 b 2 3
3 8 2 c 2 4
3 8 2 d 2 5
3 8 2 e 2 6
3 8 2 f 2 7
3 8 3 0 2 8
3 8 3 1 2 9
3 8 3 2 2 a
3 8 3 3 2 b
3 8 3 4 2 c
3 8 3 5 2 d
3 8 3 6 2 e
3 8 3 7 2 f
3 8 3 8 3 0
3 8 3 9 3 1
3 8 3 a 3 2
3 8 3 b 3 3
3 8 3 c 3 4
3 8 3 d 3 5
3 8 3 e 3 6
3 8 3 f 3 7
3 9 0 0 3 9
3 9 0 1 3 a
3 9 0 2 3 b
3 9 0 3 3 c
3 9 0 4 3 d
3 9 0 5 3 e
3 9 0 6 3 f
3 9 0 7 0 0
3 9 0 8 0 1
3 9 0 9 0 2
3 9 0 a 0 3
3 9 0 b 0 4
3 9 0 c 0 5
3 9 0 d 0 6
3 9 0 e 0 7
3 9 0 f 0 8
3 9 1 0 0 9
3 9 1 1 0 a
3 9 1 2 0 b
3 9 1 3 0 c
3 9 1 4 0 d
3 9 1 5 0 e
3 9 1 6 0 f
3 9 1 7 1 0
3 9 1 8 1 1
3 9 1 9 1 2
3 9 1 a 1 3
3 9 1 b 1 4
3 9 1 c 1 5
3 9 1 d 1 6
3 9 1 e 1 7
3 9 1 f 1 8
3 9 2 0 1 9
3 9 2 1 1 a
3 9 2 2 1 b
3 9 2 3 1 c
3 9 2 4 1 d
3 9 2 5 1 e
3 9 2 6 1 f
3 9 2 7 2 0
3 9 2 8 2 1
3 9 2 9 2 2
3 9 2 a 2 3
3 9 2 b 2 4
3 9 2 c 2 5
3 9 2 d 2 6
3 9 2 e 2 7
3 9 2 f 2 8
3 9 3 0 2 9
3 9 3 1 2 a
3 9 3 2 2 b
3 9 3 3 2 c
3 9 3 4 2 d
3 9 3 5 2 e
3 9 3 6 2 f
3 9 3 7 3 0
3 9 3 8 3 1
3 9 3 9 3 2
3 9 3 a 3 3
3 9 3 b 3 4
3 9 3 c 3 5
3 9 3 d 3 6
3 9 3 e 3 7
3 9 3 f 3 8
3 a 0 0 3 a
3 a 0 1 3 b
3 a 0 2 3 c
3 a 0 3 3 d
3 a 0 4 3 e
3 a 0 5 3 f
3 a 0 6 0 0
3 a 0 7 0 1
3 a 0 8 0 2
3 a 0 9 0 3
3 a 0 a 0 4
3 a 0 b 0 5
3 a 0 c 0 6
3 a 0 d 0 7
3 a 0 e 0 8
3 a 0 f 0 9
3 a 1 0 0 a
3 a 1 1 0 b
3 a 1 2 0 c
3 a 1 3 0 d
3 a 1 4 0 e
3 a 1 5 0 f
3 a 1 6 1 0
3 a 1 7 1 1
3 a 1 8 1 2
3 a 1 9 1 3
3 a 1 a 1 4
3 a 1 b 1 5
3 a 1 c 1 6
3 a 1 d 1 7
3 a 1 e 1 8
3 a 1 f 1 9
3 a 2 0 1 a
3 a 2 1 1 b
3 a 2 2 1 c
3 a 2 3 1 d
3 a 2 4 1 e
3 a 2 5 1 f
3 a 2 6 2 0
3 a 2 7 2 1
3 a 2 8 2 2
3 a 2 9 2 3
3 a 2 a 2 4
3 a 2 b 2 5
3 a 2 c 2 6
3 a 2 d 2 7
3 a 2 e 2 8
3 a 2 f 2 9
3 a 3 0 2 a
3 a 3 1 2 b
3 a 3 2 2 c
3 a 3 3 2 d
3 a 3 4 2 e
3 a 3 5 2 f
3 a 3 6 3 0
3 a 3 7 3 1
3 a 3 8 3 2
3 a 3 9 3 3
3 a 3 a 3 4
3 a 3 b 3 5
3 a 3 c 3 6
3 a 3 d 3 7
3 a 3 e 3 8
3 a 3 f 3 9
3 b 0 0 3 b
3 b 0 1 3 c
3 b 0 2 3 d
3 b 0 3 3 e
3 b 0 4 3 f
3 b 0 5 0 0
3 b 0 6 0 1
3 b 0 7 0 2
3 b 0 8 0 3
3 b 0 9 0 4
3 b 0 a 0 5
3 b 0 b 0 6
3 b 0 c 0 7
3 b 0 d 0 8
3 b 0 e 0 9
3 b 0 f 0 a
3 b 1 0 0 b
3 b 1 1 0 c
3 b 1 2 0 d
3 b 1 3 0 e
3 b 1 4 0 f
3 b 1 5 1 0
3 b 1 6 1 1
3 b 1 7 1 2
3 b 1 8 1 3
3 b 1 9 1 4
3 b 1 a 1 5
3 b 1 b 1 6
3 b 1 c 1 7
3 b 1 d 1 8
3 b 1 e 1 9
3 b 1 f 1 a
3 b 2 0 1 b
3 b 2 1 1 c
3 b 2 2 1 d
3 b 2 3 1 e
3 b 2 4 1 f
3 b 2 5 2 0
3 b 2 6 2 1
3 b 2 7 2 2
3 b 2 8 2 3
3 b 2 9 2 4
3 b 2 a 2 5
3 b 2 b 2 6
3 b 2 c 2 7
3 b 2 d 2 8
3 b 2 e 2 9
3 b 2 f 2 a
3 b 3 0 2 b
3 b 3 1 2 c
3 b 3 2 2 d
3 b 3 3 2 e
3 b 3 4 2 f
3 b 3 5 3 0
3 b 3 6 3 1
3 b 3 7 3 2
3 b 3 8 3 3
3 b 3 9 3 4
3 b 3 a 3 5
3 b 3 b 3 6
3 b 3 c 3 7
3 b 3 d 3 8
3 b 3 e 3 9
3 b 3 f 3 a
3 c 0 0 3 c
3 c 0 1 3 d
3 c 0 2 3 e
3 c 0 3 3 f
3 c 0 4 0 0
3 c 0 5 0 1
3 c 0 6 0 2
3 c 0 7 0 3
3 c 0 8 0 4
3 c 0 9 0 5
3 c 0 a 0 6
3 c 0 b 0 7
3 c 0 c 0 8
3 c 0 d 0 9
3 c 0 e 0 a
3 c 0 f 0 b
3 c 1 0 0 c
3 c 1 1 0 d
3 c 1 2 0 e
3 c 1 3 0 f
3 c 1 4 1 0
3 c 1 5 1 1
3 c 1 6 1 2
3 c 1 7 1 3
3 c 1 8 1 4
3 c 1 9 1 5
3 c 1 a 1 6
3 c 1 b 1 7
3 c 1 c 1 8
3 c 1 d 1 9
3 c 1 e 1 a
3 c 1 f 1 b
3 c 2 0 1 c
3 c 2 1 1 d
3 c 2 2 1 e
3 c 2 3 1 f
3 c 2 4 2 0
3 c 2 5 2 1
3 c 2 6 2 2
3 c 2 7 2 3
3 c 2 8 2 4
3 c 2 9 2 5
3 c 2 a 2 6
3 c 2 b 2 7
3 c 2 c 2 8
3 c 2 d 2 9
3 c 2 e 2 a
3 c 2 f 2 b
3 c 3 0 2 c
3 c 3 1 2 d
3 c 3 2 2 e
3 c 3 3 2 f
3 c 3 4 3 0
3 c 3 5 3 1
3 c 3 6 3 2
3 c 3 7 3 3
3 c 3 8 3 4
3 c 3 9 3 5
3 c 3 a 3 6
3 c 3 b 3 7
3 c 3 c 3 8
3 c 3 d 3 9
3 c 3 e 3 a
3 c 3 f 3 b
3 d 0 0 3 d
3 d 0 1 3 e
3 d 0 2 3 f
3 d 0 3 0 0
3 d 0 4 0 1
3 d 0 5 0 2
3 d 0 6 0 3
3 d 0 7 0 4
3 d 0 8 0 5
3 d 0 9 0 6
3 d 0 a 0 7
3 d 0 b 0 8
3 d 0 c 0 9
3 d 0 d 0 a
3 d 0 e 0 b
3 d 0 f 0 c
3 d 1 0 0 d
3 d 1 1 0 e
3 d 1 2 0 f
3 d 1 3 1 0
3 d 1 4 1 1
3 d 1 5 1 2
3 d 1 6 1 3
3 d 1 7 1 4
3 d 1 8 1 5
3 d 1 9 1 6
3 d 1 a 1 7
3 d 1 b 1 8
3 d 1 c 1 9
3 d 1 d 1 a
3 d 1 e 1 b
3 d 1 f 1 c
3 d 2 0 1 d
3 d 2 1 1 e
3 d 2 2 1 f
3 d 2 3 2 0
3 d 2 4 2 1
3 d 2 5 2 2
3 d 2 6 2 3
3 d 2 7 2 4
3 d 2 8 2 5
3 d 2 9 2 6
3 d 2 a 2 7
3 d 2 b 2 8
3 d 2 c 2 9
3 d 2 d 2 a
3 d 2 e 2 b
3 d 2 f 2 c
3 d 3 0 2 d
3 d 3 1 2 e
3 d 3 2 2 f
3 d 3 3 3 0
3 d 3 4 3 1
3 d 3 5 3 2
3 d 3 6 3 3
3 d 3 7 3 4
3 d 3 8 3 5
3 d 3 9 3 6
3 d 3 a 3 7
3 d 3 b 3 8
3 d 3 c 3 9
3 d 3 d 3 a
3 d 3 e 3 b
3 d 3 f 3 c
3 e 0 0 3 e
3 e 0 1 3 f
3 e 0 2 0 0
3 e 0 3 0 1
3 e 0 4 0 2
3 e 0 5 0 3
3 e 0 6 0 4
3 e 0 7 0 5
3 e 0 8 0 6
3 e 0 9 0 7
3 e 0 a 0 8
3 e 0 b 0 9
3 e 0 c 0 a
3 e 0 d 0 b
3 e 0 e 0 c
3 e 0 f 0 d
3 e 1 0 0 e
3 e 1 1 0 f
3 e 1 2 1 0
3 e 1 3 1 1
3 e 1 4 1 2
3 e 1 5 1 3
3 e 1 6 1 4
3 e 1 7 1 5
3 e 1 8 1 6
3 e 1 9 1 7
3 e 1 a 1 8
3 e 1 b 1 9
3 e 1 c 1 a
3 e 1 d 1 b
3 e 1 e 1 c
3 e 1 f 1 d
3 e 2 0 1 e
3 e 2 1 1 f
3 e 2 2 2 0
3 e 2 3 2 1
3 e 2 4 2 2
3 e 2 5 2 3
3 e 2 6 2 4
3 e 2 7 2 5
3 e 2 8 2 6
3 e 2 9 2 7
3 e 2 a 2 8
3 e 2 b 2 9
3 e 2 c 2 a
3 e 2 d 2 b
3 e 2 e 2 c
3 e 2 f 2 d
3 e 3 0 2 e
3 e 3 1 2 f
3 e 3 2 3 0
3 e 3 3 3 1
3 e 3 4 3 2
3 e 3 5 3 3
3 e 3 6 3 4
3 e 3 7 3 5
3 e 3 8 3 6
3 e 3 9 3 7
3 e 3 a 3 8
3 e 3 b 3 9
3 e 3 c 3 a
3 e 3 d 3 b
3 e 3 e 3 c
3 e 3 f 3 d
3 f 0 0 3 f
3 f 0 1 0 0
3 f 0 2 0 1
3 f 0 3 0 2
3 f 0 4 0 3
3 f 0 5 0 4
3 f 0 6 0 5
3 f 0 7 0 6
3 f 0 8 0 7
3 f 0 9 0 8
3 f 0 a 0 9
3 f 0 b 0 a
3 f 0 c 0 b
3 f 0 d 0 c
3 f 0 e 0 d
3 f 0 f 0 e
3 f 1 0 0 f
3 f 1 1 1 0
3 f 1 2 1 1
3 f 1 3 1 2
3 f 1 4 1 3
3 f 1 5 1 4
3 f 1 6 1 5
3 f 1 7 1 6
3 f 1 8 1 7
3 f 1 9 1 8
3 f 1 a 1 9
3 f 1 b 1 a
3 f 1 c 1 b
3 f 1 d 1 c
3 f 1 e 1 d
3 f 1 f 1 e
3 f 2 0 1 f
3 f 2 1 2 0
3 f 2 2 2 1
3 f 2 3 2 2
3 f 2 4 2 3
3 f 2 5 2 4
3 f 2 6 2 5
3 f 2 7 2 6
3 f 2 8 2 7
3 f 2 9 2 8
3 f 2 a 2 9
3 f 2 b 2 a
3 f 2 c 2 b
3 f 2 d 2 c
3 f 2 e 2 d
3 f 2 f 2 e
3 f 3 0 2 f
3 f 3 1 3 0
3 f 3 2 3 1
3 f 3 3 3 2
3 f 3 4 3 3
3 f 3 5 3 4
3 f 3 6 3 5
3 f 3 7 3 6
3 f 3 8 3 7
3 f 3 9 3 8
3 f 3 a 3 9
3 f 3 b 3 a
3 f 3 c 3 b
3 f 3 d 3 c
3 f 3 e 3 d
3 f 3 f 3 e
