
output_wf 1

radix 4 4 4 4

vname A<[3:0]> B<[3:0]> P<[7:4]> P<[3:0]>

io i i o o

tunit 1ns

chk_window 5 5 0

period 10

trise 0.001
tfall 0.001

vih 1
vil 0

voh 0.7
vol 0.5

0 0 0 0
0 1 0 0
0 2 0 0
0 3 0 0
0 4 0 0
0 5 0 0
0 6 0 0
0 7 0 0
0 8 0 0
0 9 0 0
0 A 0 0
0 B 0 0
0 C 0 0
0 D 0 0
0 E 0 0
0 F 0 0
0 0 0 0
1 1 0 1
1 2 0 2
1 3 0 3
1 4 0 4
1 5 0 5
1 6 0 6
1 7 0 7
1 8 0 8
1 9 0 9
1 A 0 A
1 B 0 B
1 C 0 C
1 D 0 D
1 E 0 E
1 F 0 F 
2 1 0 2
2 2 0 4
2 3 0 6
2 4 0 8
2 5 0 A
2 6 0 C
2 7 0 E
2 8 1 0
2 9 1 2
2 A 1 4
2 B 1 6
2 C 1 8
2 D 1 A
2 E 1 C
2 F 1 E

3 1 0 3
3 2 0 6
3 3 0 9
3 4 0 C
3 5 0 F
3 6 1 2
3 7 1 5
3 8 1 8
3 9 1 B
3 A 1 E
3 B 2 1
3 C 2 4 
3 D 2 7
3 E 2 A
3 F 2 D


































